-6.21
-6.01
NULL
NULL
-0.21
5.01
6.36
5.56
3.31
2.87
-0.06
-3.63
-5.7
-7.79
NULL
-0.27
2.05
6.5
10.84
8.58
4.58
3.24
0.82
-1.18
-3.8
-4.58
0.3
2.45
3.8
7.41
9.02
4.97
3.16
0.63
-1.27
-2.5
-3.14
-6.53
-7.41
-1.86
2.4
4.68
4.82
2.2
-0.06
-2.71
-5.11
-6.47
-6.94
-7.33
-6.5
-2.87
1.6
3.51
6.05
4.6
3.51
0.66
-2.09
-3.83
-5.7
-6.51
-5.17
-0.03
2.54
9.24
8.09
4.43
0.93
-0.09
-3.31
-4.88
-7.86
-8.56
-5.67
1.29
5.09
10.13
11.04
6.42
2.6
1.38
-1.45
-3.08
-4.53
-6.58
-3.91
-1.5
-1.57
2.78
5.45
3.23
2.1
0.83
2.6
0.26
-2.33
-5.25
-4.42
3.5
8.01
10.09
9.15
5.36
3.5
NULL
-2.13
-4.0
-5.03
-6.24
NULL
3.12
2.32
4.99
4.22
2.32
-1.72
-1.94
-2.94
-5.94
-5.1
NULL
-5.04
-0.89
2.28
4.53
NULL
1.44
-0.88
-3.13
-5.5
NULL
-7.96
-9.45
-7.65
-2.73
NULL
NULL
9.21
6.63
4.35
5.4
NULL
-1.89
-3.62
-4.56
-2.67
NULL
2.45
5.36
7.73
4.81
NULL
2.37
0.25
3.95
0.46
-1.0
NULL
4.09
2.01
3.54
NULL
NULL
5.29
1.93
-0.42
-0.58
NULL
-5.48
-3.33
-1.8
2.42
NULL
NULL
2.78
3.33
-1.97
NULL
-4.07
-4.72
-6.74
-8.28
NULL
NULL
NULL
NULL
NULL
NULL
NULL
NULL
NULL
NULL
NULL
-4.62
0.03
NULL
NULL
5.64
4.6
2.46
0.48
-2.59
-4.33
-6.54
-8.59
-7.95
-4.64
-2.07
0.88
1.93
1.64
-0.42
-2.42
-3.51
-6.77
-9.26
-9.37
-8.45
-4.6
-0.02
2.15
0.46
-3.98
-4.53
-7.95
-9.65
-10.32
-11.03
-11.63
-7.91
-1.47
0.04
5.26
6.92
1.89
0.3
-0.6
-2.4
-5.64
-6.64
-9.49
-10.3
-5.58
