-0.45
-0.52
NULL
NULL
-0.15
-0.37
-0.53
-0.54
-0.37
-0.35
-0.3
-0.41
-0.54
-0.62
NULL
-0.5
-0.46
-0.39
-0.36
-0.22
-0.32
-0.39
-0.4
-0.35
-0.3
-0.33
-0.44
-0.37
-0.08
-0.19
-0.03
0.04
0.28
0.32
0.37
0.37
0.14
-0.12
-0.18
-0.27
0.01
-0.11
-0.14
-0.36
-0.27
-0.23
-0.29
-0.45
-0.44
-0.51
-0.44
-0.19
0.15
0.23
0.18
0.05
0.16
0.15
0.06
-0.06
-0.16
-0.04
-0.09
-0.06
0.06
0.2
-0.06
-0.05
0.12
0.21
-0.01
0.1
-0.02
-0.12
-0.11
0.3
0.35
0.73
0.56
0.33
0.31
0.35
0.28
0.15
-0.05
0.04
-0.02
0.05
0.1
0.25
0.34
0.12
0.28
0.33
0.49
0.25
0.14
0.13
0.08
0.28
0.38
0.26
0.19
0.09
0.07
NULL
-0.07
-0.07
-0.09
-0.14
NULL
-0.13
0.05
-0.06
-0.01
-0.12
-0.04
-0.09
-0.08
-0.1
-0.16
NULL
-0.38
-0.13
-0.04
0.15
NULL
0.01
-0.09
-0.13
-0.14
NULL
-0.48
-0.35
-0.35
-0.17
NULL
NULL
-0.07
-0.15
0.12
0.1
NULL
-0.16
-0.15
-0.24
-0.2
NULL
-0.0
0.32
0.19
0.32
NULL
0.37
0.4
0.43
0.3
0.36
NULL
0.34
0.3
0.45
NULL
NULL
0.36
0.47
0.39
0.3
NULL
-0.11
-0.01
-0.02
0.15
NULL
NULL
0.04
0.33
0.25
NULL
-0.09
-0.22
-0.33
-0.48
NULL
NULL
NULL
NULL
NULL
NULL
NULL
NULL
NULL
NULL
NULL
-0.47
-0.43
NULL
NULL
0.42
0.31
0.17
0.19
0.22
0.35
-0.19
-0.22
-0.07
-0.09
-0.12
-0.11
-0.03
-0.04
0.37
0.41
0.33
0.25
-0.03
-0.11
-0.15
-0.24
-0.4
-0.46
-0.44
-0.41
-0.26
-0.12
-0.39
-0.47
-0.41
-0.58
-0.68
-0.33
-0.17
-0.2
-0.27
-0.2
-0.33
-0.52
-0.24
-0.59
-0.72
-0.73
-0.81
-0.61
