-0.27
-0.18
NULL
NULL
-0.34
-0.47
-0.71
-0.44
-0.04
0.03
0.12
0.22
0.09
-0.05
NULL
-0.47
-0.5
-0.49
-0.54
-0.36
-0.32
-0.36
-0.33
-0.07
-0.01
-0.23
-0.65
-0.65
-0.39
-0.55
-0.38
-0.04
0.38
1.13
1.61
1.78
1.41
1.05
0.8
0.5
0.59
0.19
0.15
0.01
0.11
0.32
0.22
0.12
0.29
0.22
0.06
-0.01
0.34
0.16
0.18
-0.01
0.17
0.16
0.07
0.03
-0.07
-0.11
-0.34
-0.57
-0.37
-0.35
-0.67
-0.69
-0.29
0.07
0.28
0.44
0.24
-0.13
-0.17
0.16
0.09
0.07
-0.27
-0.4
-0.15
0.06
0.14
-0.12
-0.32
-0.32
-0.49
-0.59
-0.75
-0.74
-0.76
-0.93
-0.34
-0.23
0.38
0.29
0.13
0.02
-0.18
-0.37
-0.21
-0.6
-0.56
-0.56
-0.28
NULL
-0.05
0.24
0.18
-0.06
NULL
-0.3
-0.17
-0.26
-0.36
-0.43
-0.14
-0.17
-0.15
-0.14
-0.17
NULL
-0.8
-0.78
-0.74
-0.79
NULL
-1.03
-0.9
-0.93
-0.77
NULL
-1.34
-1.18
-1.41
-1.37
NULL
NULL
-1.4
-1.46
-1.02
-1.08
NULL
-1.37
-1.15
-1.37
-1.54
NULL
-1.94
-1.56
-1.81
-1.83
NULL
-1.44
-1.35
-1.0
-1.23
-1.4
NULL
-1.79
-1.94
-1.96
NULL
NULL
-1.84
-1.59
-1.54
-1.62
NULL
-2.31
-2.36
-2.52
-2.64
NULL
NULL
-2.75
-2.18
-2.12
NULL
-2.01
-2.07
-2.1
-2.35
NULL
NULL
NULL
NULL
NULL
NULL
NULL
NULL
NULL
NULL
NULL
-2.93
-2.87
NULL
NULL
-2.26
-2.37
-2.35
-2.0
-1.59
-1.16
-1.89
-1.89
-1.77
-2.03
-2.22
-2.53
-2.54
-2.4
-1.56
-1.44
-1.41
-1.45
-1.57
-1.82
-2.06
-2.45
-2.8
-2.9
-2.88
-2.73
-2.82
-2.59
-2.68
-2.64
-2.58
-2.79
-3.21
-2.97
-2.71
-2.92
-2.96
-3.0
-2.96
-2.91
-2.52
-2.9
-3.06
-3.25
-3.43
-3.25
