-4.6
-5.55
NULL
NULL
1.84
8.51
9.95
6.72
6.4
4.12
0.58
-2.61
-3.2
-6.8
NULL
-1.28
-0.67
1.45
7.08
7.48
5.35
4.22
0.33
-2.71
-4.67
-1.98
-2.31
-3.86
-2.54
-1.37
4.05
1.93
-0.6
-1.95
-4.08
-7.53
-8.77
-9.34
-5.2
1.27
0.71
5.35
9.74
7.05
3.72
2.75
1.89
-2.91
-5.25
-6.02
-1.09
4.46
4.84
5.48
8.01
6.69
6.84
5.18
3.29
-1.48
-3.49
-6.3
-5.11
-4.3
-1.15
4.9
8.68
9.11
4.91
1.41
-1.31
-2.2
-6.26
-8.21
-0.4
3.3
0.83
4.64
10.99
7.21
3.4
-0.93
-3.39
-4.91
-6.76
-9.04
-6.2
-3.88
-3.8
-0.59
1.26
3.32
0.15
-1.96
-3.72
-7.0
-9.85
-9.08
-5.21
2.8
7.11
10.76
7.61
5.78
0.72
NULL
-0.89
-3.65
-8.15
-8.72
NULL
-0.01
0.41
4.76
10.26
9.02
3.46
1.48
1.67
-3.98
-3.36
NULL
1.04
4.4
5.24
5.75
NULL
4.86
0.62
0.1
-1.85
NULL
-4.91
-8.7
-2.28
2.76
NULL
NULL
11.12
15.6
14.11
12.8
NULL
4.36
0.14
1.52
7.67
NULL
1.98
3.83
9.68
10.8
NULL
6.13
2.92
1.34
-1.46
-3.17
NULL
-0.91
-4.29
-2.93
NULL
NULL
4.04
4.9
-0.6
-3.07
NULL
-6.13
-4.77
-2.03
-0.25
NULL
NULL
4.13
-0.9
-2.28
NULL
-5.22
-8.24
-8.26
-5.32
NULL
NULL
NULL
NULL
NULL
NULL
NULL
NULL
NULL
NULL
NULL
-6.53
-4.92
NULL
NULL
1.03
-0.38
-0.21
-2.1
-4.89
-6.28
-8.0
-9.83
-6.88
-6.38
-8.57
-6.37
-0.57
-0.25
-2.88
-5.13
-5.09
-7.92
-11.54
-11.03
5.09
2.73
5.19
6.7
9.58
14.32
12.54
7.14
6.0
3.5
-0.19
-1.26
1.44
2.55
3.32
4.33
5.82
3.19
2.91
1.79
0.87
0.23
-3.24
-3.83
0.83
0.56
