-9.05
-10.88
NULL
NULL
-0.38
3.32
3.5
4.04
1.7
-0.74
-4.29
-6.57
-7.93
-10.53
NULL
-2.95
-2.02
0.77
5.36
4.76
4.11
3.51
-0.57
-3.99
-5.86
-3.29
-2.03
-1.8
-1.2
-0.84
3.5
2.2
-1.13
-3.27
-4.49
-7.38
-9.94
-10.15
-6.12
-0.2
2.08
4.63
9.4
6.32
2.43
2.66
0.51
-3.5
-5.81
-7.23
-1.9
3.54
4.8
5.83
7.73
6.25
6.63
3.53
1.75
-1.53
-4.53
-8.01
-6.33
-5.45
-2.1
2.6
6.03
6.99
3.68
1.33
-1.52
-2.53
-5.42
-5.92
-0.25
5.29
5.28
8.56
12.3
8.89
6.05
1.74
-1.02
-3.67
-6.18
-6.12
-5.4
-3.07
-2.27
0.16
2.0
2.82
1.01
-0.91
-2.69
-5.54
-7.86
-8.77
-4.07
2.31
8.64
14.23
12.68
8.48
5.89
NULL
1.05
-0.45
-5.01
-8.23
NULL
2.25
4.59
7.99
13.37
10.92
4.03
3.3
0.74
-0.19
-2.57
NULL
-1.05
2.53
4.21
5.8
NULL
3.75
0.21
-1.6
-1.17
NULL
-7.25
-7.88
-1.92
2.63
NULL
NULL
9.41
11.86
10.33
9.5
NULL
2.3
-2.69
-0.68
5.97
NULL
0.46
4.44
8.88
8.95
NULL
4.63
0.64
-0.67
-1.82
-3.12
NULL
-3.48
-5.2
-3.05
NULL
NULL
2.82
1.39
-0.14
-2.88
NULL
-10.2
-7.7
-5.45
-1.57
NULL
NULL
2.19
-1.87
-1.85
NULL
-7.76
-11.58
-11.39
-7.26
NULL
NULL
NULL
NULL
NULL
NULL
NULL
NULL
NULL
NULL
NULL
-8.54
-7.97
NULL
NULL
-0.11
-0.18
-4.41
-5.7
-8.42
-10.32
-12.79
-15.14
-10.78
-11.13
-12.91
-11.45
-5.01
-3.59
-6.18
-6.87
-8.69
-11.3
-15.87
-15.19
-6.2
-7.67
-4.74
-2.51
3.02
5.08
3.34
-0.05
-2.87
-5.84
-9.6
-8.6
-7.58
-5.16
-3.33
-1.42
-0.18
-1.34
-3.8
-4.47
-7.53
-9.35
-10.79
-13.16
-5.5
-5.83
