-1.95
-1.92
NULL
NULL
0.18
-1.11
-1.92
-2.1
-1.7
-1.29
-0.82
-1.21
-2.4
-3.15
NULL
-2.98
-2.65
-1.41
0.13
0.54
-1.06
-1.56
-0.93
-0.08
-0.29
-0.9
-2.09
-1.84
0.88
0.8
1.53
2.04
3.62
3.22
3.95
4.05
2.01
-0.03
-0.75
-1.39
1.22
0.44
0.2
-1.25
-1.21
-1.16
-2.1
-2.94
-2.61
-3.62
-3.65
-2.17
0.71
2.43
1.43
0.3
0.57
0.3
0.64
-0.39
-1.11
-0.63
-0.91
-0.4
0.77
1.92
0.07
-0.37
0.26
0.17
-1.11
-0.99
-2.3
-2.95
-3.73
-0.21
1.31
5.17
3.91
1.84
1.18
0.93
0.49
0.1
-1.2
-1.65
-1.56
-0.94
-0.43
0.89
1.46
0.09
0.58
0.88
2.45
1.24
-0.1
-0.0
-0.69
2.19
2.85
2.09
1.76
0.08
-0.21
NULL
-1.37
-1.71
-2.48
-3.54
NULL
-3.19
-2.0
-2.6
-3.13
-4.11
-3.37
-3.35
-3.25
-4.56
-4.5
NULL
-6.42
-4.03
-3.18
-1.56
NULL
-2.62
-4.05
-3.77
-3.9
NULL
-5.91
-5.63
-5.4
-3.8
NULL
NULL
-1.75
-2.5
-1.27
-1.7
NULL
-2.97
-4.37
-5.14
-4.79
NULL
-2.3
-0.4
-1.13
-0.88
NULL
-1.22
-0.83
0.08
-1.71
-1.97
NULL
-1.21
-2.48
-1.73
NULL
NULL
-2.29
-2.23
-2.49
-2.68
NULL
-5.52
-4.66
-4.42
-2.45
NULL
NULL
-2.88
-1.65
-2.79
NULL
-4.72
-6.05
-6.03
-7.72
NULL
NULL
NULL
NULL
NULL
NULL
NULL
NULL
NULL
NULL
NULL
-8.1
-6.76
NULL
NULL
-1.81
-2.57
-3.15
-2.41
-3.23
-2.86
-4.87
-6.13
-6.67
-6.59
-5.94
-5.17
-4.87
-5.41
-2.66
-3.67
-4.21
-4.24
-5.63
-6.55
-7.15
-6.29
-6.77
-7.77
-8.19
-8.94
-8.87
-9.13
-9.36
-9.21
-9.55
-10.35
-9.84
-7.0
-6.99
-6.58
-8.26
-9.52
-9.85
-9.6
-8.34
-10.64
-10.58
-10.97
-13.08
-11.94
