-2.98
-3.86
NULL
NULL
0.22
3.59
4.73
4.03
2.74
1.85
-0.62
-2.1
-3.88
-4.94
NULL
1.0
2.68
4.13
5.96
5.32
2.76
2.08
0.18
-1.44
-2.42
-3.1
-0.31
1.32
1.89
3.19
5.06
3.61
2.03
0.51
-0.97
-2.57
-2.9
-4.77
-4.79
-0.37
1.61
3.43
4.26
2.64
0.83
-1.16
-2.54
-2.95
-4.35
-4.45
-3.14
-0.67
2.03
2.74
3.95
4.12
3.4
1.71
-0.51
-1.59
-3.28
-3.66
-3.06
-1.53
0.1
4.55
4.9
2.66
1.17
0.48
-1.73
-2.79
-4.45
-4.73
-3.22
1.62
2.42
4.46
5.67
3.33
1.0
0.12
-0.9
-2.73
-3.64
-4.35
-2.78
-1.03
-1.35
1.26
3.09
1.87
0.93
-0.32
1.11
0.03
-1.47
-4.12
-3.31
0.06
4.66
7.54
6.18
3.39
2.12
NULL
-0.89
-2.18
-3.41
-4.15
NULL
2.76
3.82
5.23
5.18
4.44
1.29
0.54
-0.79
-2.66
-3.0
NULL
-2.64
0.59
3.51
3.58
NULL
1.94
1.33
-0.65
-2.2
NULL
-4.51
-5.14
-3.75
-0.82
NULL
NULL
5.52
4.54
2.54
2.41
NULL
-3.0
-2.7
-3.23
-0.72
NULL
2.18
4.12
5.11
3.64
NULL
0.73
-1.57
-0.25
-2.54
-3.33
NULL
0.12
-1.46
0.3
NULL
NULL
1.57
-0.2
-2.86
-2.54
NULL
-5.36
-3.74
-2.03
0.31
NULL
NULL
0.5
0.18
-1.19
NULL
-3.72
-4.18
-5.52
-5.42
NULL
NULL
NULL
NULL
NULL
NULL
NULL
NULL
NULL
NULL
NULL
-3.06
-1.08
NULL
NULL
2.45
1.63
0.51
-0.99
-2.76
-3.84
-5.66
-7.03
-5.62
-3.88
-1.48
-0.64
0.55
1.21
-0.66
-2.1
-3.33
-4.96
-5.82
-7.13
-6.45
-4.2
-2.43
0.23
-0.18
-1.68
-3.22
-4.9
-6.13
-7.64
-7.8
-8.1
-5.98
-2.9
-1.32
2.6
2.84
0.94
-0.68
-2.07
-2.01
-3.38
-5.6
-7.23
-5.5
-1.74
