-1.9
-1.76
NULL
NULL
-1.51
-0.7
-0.49
-0.43
-0.34
-0.32
-0.07
-0.17
-1.31
-1.49
NULL
-1.65
-1.64
-0.33
2.12
1.88
1.11
1.0
1.06
1.39
1.23
1.01
0.54
0.23
0.74
1.44
1.8
1.83
2.24
2.14
2.58
2.3
1.42
-0.2
-0.57
-0.62
0.45
-0.36
-0.35
-0.8
-1.12
-1.25
-1.75
-2.42
-2.02
-2.66
-3.03
-2.21
-1.21
-0.65
-0.37
-1.36
-0.8
-0.18
-0.29
-0.56
-0.9
-0.88
-0.34
0.43
0.64
1.35
0.66
0.15
-0.22
0.17
-0.9
-1.16
-1.99
-2.33
-2.45
-0.3
0.45
3.19
3.02
1.6
1.11
0.8
0.34
0.13
-0.29
-1.02
-0.5
-0.87
-0.89
0.16
1.01
0.22
1.01
0.95
1.84
1.32
0.96
0.82
0.57
3.0
3.21
2.53
2.36
1.33
1.15
NULL
0.04
-0.39
-0.95
-1.98
NULL
-1.8
-2.08
-2.25
-2.88
-3.3
-2.81
-2.75
-3.07
-3.54
-3.47
NULL
-3.97
-4.03
-3.68
-3.34
NULL
-3.59
-4.1
-3.88
-3.99
NULL
-5.01
-4.45
-4.5
-4.13
NULL
NULL
-0.89
-1.48
-0.99
-0.84
NULL
-1.69
-2.8
-2.78
-3.0
NULL
-2.4
-1.39
-1.38
-0.67
NULL
-0.21
-0.13
0.8
0.19
-0.09
NULL
-0.29
-1.53
-1.97
NULL
NULL
-0.59
-0.95
-1.24
-1.29
NULL
-2.51
-1.9
-3.16
-1.7
NULL
NULL
-1.69
-0.95
-1.53
NULL
-2.33
-2.63
-3.27
-4.22
NULL
NULL
NULL
NULL
NULL
NULL
NULL
NULL
NULL
NULL
NULL
-4.8
-4.13
NULL
NULL
-0.75
-0.67
-1.52
-1.23
-1.49
-1.89
-3.12
-3.47
-3.31
-3.56
-4.39
-3.67
-3.86
-3.78
-3.37
-3.18
-3.2
-4.22
-4.71
-4.68
-4.55
-4.77
-4.83
-4.67
-4.85
-5.67
-5.35
-4.84
-5.93
-6.01
-5.94
-6.06
-5.88
-4.53
-4.39
-4.68
-4.15
-4.66
-4.65
-4.62
-4.75
-5.73
-6.57
-7.21
-7.7
-6.95
