-4.48
-5.3
NULL
NULL
0.29
2.4
2.92
3.39
1.76
1.94
0.07
-2.26
-2.5
-4.13
NULL
2.51
3.2
4.8
6.05
5.29
3.67
2.48
0.25
-0.76
-2.2
-2.68
1.07
3.14
3.65
5.07
5.62
3.96
3.11
1.07
-1.47
-2.77
-1.82
-3.35
-4.97
-2.84
0.21
2.56
2.94
0.95
0.61
-2.12
-3.15
-3.35
-4.29
-5.48
-2.88
-0.87
1.95
2.75
4.61
4.06
2.48
0.62
-0.19
-2.36
-3.49
-2.83
-2.53
1.29
1.91
4.71
3.71
2.79
0.29
-0.53
-1.6
-0.99
-3.12
-3.63
-1.72
0.41
2.45
3.07
4.19
2.12
0.69
-0.08
-2.08
-2.53
-2.94
-4.9
-3.33
-1.26
-0.85
1.18
2.22
1.67
0.09
-0.3
0.58
0.24
-1.37
-3.36
-2.08
1.39
3.92
5.77
5.68
3.64
1.95
NULL
-1.16
-1.95
-3.9
-3.8
NULL
2.98
1.64
3.14
4.44
2.6
-0.53
-0.2
-0.43
-3.88
-2.79
NULL
-2.66
1.9
1.63
3.55
NULL
2.25
-0.28
-2.83
-3.73
NULL
-3.51
-5.98
-3.94
-0.77
NULL
NULL
5.17
3.81
1.11
1.85
NULL
-1.64
-1.79
-2.39
-0.12
NULL
1.91
2.02
4.46
2.71
NULL
0.18
-1.29
1.63
-1.7
-2.69
NULL
1.34
-0.85
1.24
NULL
NULL
2.86
3.07
0.34
-0.1
NULL
-4.67
-3.36
-1.06
-0.23
NULL
NULL
0.79
0.74
-3.18
NULL
-3.13
-4.9
-5.96
-6.31
NULL
NULL
NULL
NULL
NULL
NULL
NULL
NULL
NULL
NULL
NULL
-2.83
-0.19
NULL
NULL
2.38
2.12
2.21
0.05
-2.82
-3.32
-4.57
-4.56
-5.22
-2.3
-0.47
0.24
2.56
1.11
1.79
-1.88
-1.99
-2.54
-5.31
-5.74
-5.55
-3.01
0.36
2.0
1.55
-2.55
-0.98
-4.34
-3.84
-4.11
-5.73
-6.31
-1.82
1.47
1.28
4.97
5.0
2.22
1.13
0.14
-0.09
-3.97
-2.29
-3.77
-4.72
-1.88
