-3.23
-3.02
NULL
NULL
-0.17
-0.33
-0.95
-1.27
-1.41
-0.96
-1.06
-2.15
-3.06
-3.68
NULL
-2.25
-1.88
0.72
2.67
2.08
0.41
-0.2
0.03
0.1
-0.93
-1.01
-1.03
-0.62
1.7
2.76
2.92
2.0
2.56
1.25
1.63
1.72
0.3
-1.5
-2.09
-1.55
1.41
1.33
0.64
-0.84
-1.1
-1.16
-2.19
-3.25
-3.14
-3.93
-3.64
-2.02
0.09
1.85
1.6
0.58
0.46
-0.27
-0.6
-1.45
-2.16
-2.34
-2.04
-0.13
0.93
2.64
1.39
0.39
-0.18
-0.37
-1.63
-2.01
-3.32
-3.52
-3.9
-0.24
1.75
6.22
5.6
3.16
1.71
1.4
0.56
0.07
-1.29
-1.68
-1.44
-0.31
0.46
2.12
2.82
1.53
1.41
1.57
2.01
0.54
-0.72
-0.83
-1.1
2.79
3.37
3.34
3.11
1.45
1.02
NULL
-1.22
-1.7
-1.99
-2.63
NULL
-1.78
-1.19
-1.03
-1.86
-2.86
-3.6
-3.59
-3.42
-4.22
-3.99
NULL
-5.0
-3.04
-1.64
0.26
NULL
-1.37
-3.14
-2.73
-3.45
NULL
-5.29
-5.29
-4.76
-2.93
NULL
NULL
0.93
-0.08
0.55
0.53
NULL
-1.26
-3.33
-4.03
-3.69
NULL
-0.62
0.92
0.41
0.45
NULL
0.1
0.2
0.98
-0.21
-0.24
NULL
0.8
0.49
1.45
NULL
NULL
0.42
-0.68
-0.34
-0.78
NULL
-3.27
-2.45
-2.03
0.6
NULL
NULL
0.61
1.02
-0.54
NULL
-2.75
-3.59
-3.85
-5.44
NULL
NULL
NULL
NULL
NULL
NULL
NULL
NULL
NULL
NULL
NULL
-4.59
-2.85
NULL
NULL
1.48
0.65
-0.17
-0.09
-1.2
-1.28
-2.71
-4.13
-4.55
-3.49
-2.65
-1.11
-1.19
-1.69
-0.62
-1.32
-1.91
-2.96
-4.28
-4.36
-4.49
-2.73
-1.83
-2.32
-2.75
-4.18
-4.01
-4.97
-5.56
-5.55
-5.81
-6.26
-5.21
-2.16
-1.98
-0.72
-1.27
-3.05
-3.69
-3.78
-3.45
-5.67
-5.38
-5.86
-8.03
-6.7
