-4.97
-4.81
NULL
NULL
-0.17
4.01
5.09
4.44
2.65
2.3
-0.05
-2.9
-4.56
-6.23
NULL
-0.21
1.64
5.2
8.67
6.86
3.66
2.59
0.65
-0.94
-3.04
-3.66
0.24
1.96
3.04
5.93
7.21
3.98
2.53
0.51
-1.01
-2.0
-2.51
-5.23
-5.92
-1.49
1.92
3.75
3.85
1.76
-0.04
-2.17
-4.08
-5.17
-5.55
-5.86
-5.2
-2.3
1.28
2.81
4.84
3.68
2.81
0.53
-1.67
-3.06
-4.56
-5.21
-4.13
-0.03
2.03
7.39
6.47
3.54
0.74
-0.07
-2.65
-3.9
-6.29
-6.85
-4.54
1.03
4.07
8.1
8.83
5.14
2.08
1.1
-1.16
-2.46
-3.62
-5.26
-3.13
-1.2
-1.26
2.23
4.36
2.59
1.68
0.66
2.08
0.21
-1.87
-4.2
-3.54
2.8
6.41
8.07
7.32
4.29
2.8
NULL
-1.7
-3.2
-4.02
-4.99
NULL
2.5
1.85
3.99
3.37
1.86
-1.38
-1.55
-2.35
-4.75
-4.08
NULL
-4.04
-0.71
1.83
3.62
NULL
1.16
-0.71
-2.5
-4.4
NULL
-6.37
-7.56
-6.12
-2.18
NULL
NULL
7.37
5.3
3.48
4.32
NULL
-1.51
-2.9
-3.65
-2.13
NULL
1.96
4.29
6.19
3.85
NULL
1.9
0.2
3.16
0.37
-0.8
NULL
3.27
1.61
2.83
NULL
NULL
4.23
1.54
-0.34
-0.47
NULL
-4.38
-2.66
-1.44
1.94
NULL
NULL
2.22
2.67
-1.58
NULL
-3.25
-3.78
-5.4
-6.62
NULL
NULL
NULL
NULL
NULL
NULL
NULL
NULL
NULL
NULL
NULL
-3.7
0.03
NULL
NULL
4.51
3.68
1.97
0.39
-2.07
-3.46
-5.23
-6.87
-6.36
-3.71
-1.66
0.7
1.54
1.31
-0.34
-1.94
-2.8
-5.42
-7.41
-7.5
-6.76
-3.68
-0.01
1.72
0.37
-3.18
-3.63
-6.36
-7.72
-8.26
-8.83
-9.31
-6.33
-1.18
0.04
4.21
5.54
1.51
0.24
-0.48
-1.92
-4.51
-5.31
-7.59
-8.24
-4.46
