-5.05
-6.24
NULL
NULL
0.37
5.4
7.09
6.31
4.18
2.93
-0.86
-3.31
-5.79
-7.52
NULL
1.9
4.43
6.75
9.56
8.35
4.52
3.36
0.45
-2.09
-3.7
-4.72
-0.27
2.39
3.32
5.43
8.24
5.81
3.43
0.94
-1.49
-3.91
-4.35
-7.26
-7.47
-0.81
2.34
5.34
6.54
3.87
1.21
-1.93
-4.07
-4.8
-6.75
-7.09
-4.92
-1.07
3.19
4.37
6.31
6.44
5.2
2.51
-0.84
-2.66
-5.12
-5.54
-4.75
-2.04
0.51
7.17
7.55
4.2
1.72
0.58
-2.76
-4.23
-6.9
-7.37
-4.96
2.29
3.83
6.75
8.58
4.98
1.39
0.08
-1.68
-4.32
-5.67
-7.01
-4.52
-1.73
-2.1
1.88
4.64
2.8
1.26
-0.58
1.63
0.03
-2.37
-6.4
-5.06
0.2
7.24
11.53
9.53
5.31
3.2
NULL
-1.64
-3.56
-5.49
-6.65
NULL
4.14
5.56
7.92
7.97
6.68
1.64
0.55
-1.34
-4.43
-4.72
NULL
-4.32
0.89
5.15
5.52
NULL
2.93
1.62
-1.41
-3.81
NULL
-7.18
-8.42
-6.13
-1.38
NULL
NULL
8.48
6.88
3.66
3.53
NULL
-4.78
-4.34
-5.18
-1.11
NULL
3.27
6.12
8.0
5.5
NULL
0.83
-2.67
-0.21
-3.85
-5.28
NULL
0.13
-2.32
0.49
NULL
NULL
2.35
-0.23
-4.21
-3.84
NULL
-8.48
-6.04
-3.28
0.26
NULL
NULL
0.44
0.1
-2.43
NULL
-6.07
-7.01
-9.03
-8.97
NULL
NULL
NULL
NULL
NULL
NULL
NULL
NULL
NULL
NULL
NULL
-5.15
-1.89
NULL
NULL
3.61
2.46
0.75
-1.64
-4.53
-6.22
-9.0
-10.98
-8.93
-6.12
-2.41
-1.18
0.99
1.76
-0.97
-3.41
-5.13
-7.7
-9.35
-11.25
-10.25
-6.81
-3.77
0.35
-0.33
-3.04
-4.99
-7.73
-9.6
-11.77
-12.24
-12.81
-9.2
-4.27
-1.97
4.26
4.62
1.55
-0.85
-3.15
-3.2
-5.56
-8.58
-11.28
-8.78
-2.99
