-3.81
-4.21
NULL
NULL
-2.11
2.52
4.06
2.42
1.9
1.16
-0.35
-1.27
-3.65
-4.17
NULL
-1.25
0.55
2.6
5.55
5.28
2.52
2.37
0.74
-0.33
-1.05
-1.86
0.04
0.33
0.23
1.67
3.1
1.46
-0.15
-0.64
-1.1
-2.09
-2.71
-4.86
-4.32
-0.26
1.11
1.4
1.98
1.53
-0.51
-1.58
-2.76
-3.08
-4.16
-3.15
-3.7
-1.82
0.23
0.7
2.08
1.78
2.04
1.02
-0.99
-0.83
-2.51
-3.98
-2.89
-1.62
-0.2
4.75
4.82
2.23
0.93
1.01
-1.4
-2.89
-4.0
-4.5
-2.7
2.4
2.99
6.75
7.62
4.99
2.76
1.94
1.15
-0.9
-1.95
-2.24
-0.94
-0.48
-1.37
1.41
3.36
1.76
1.89
0.69
2.12
0.7
-0.1
-2.14
-1.97
2.28
5.12
6.75
5.44
2.76
2.37
NULL
0.08
-1.35
-1.9
-2.96
NULL
2.12
2.24
2.84
1.78
1.43
0.23
-0.38
-1.82
-2.42
-3.09
NULL
-2.52
-1.73
1.13
0.78
NULL
-0.66
0.23
-1.33
-2.67
NULL
-4.94
-3.94
-3.94
-2.26
NULL
NULL
4.97
3.77
3.34
3.82
NULL
-0.08
-0.65
-1.02
-1.3
NULL
1.65
4.62
4.33
3.88
NULL
3.52
2.02
2.32
0.97
1.13
NULL
2.91
1.49
1.58
NULL
NULL
3.04
0.75
-1.07
-0.82
NULL
-2.31
-0.89
-1.17
1.4
NULL
NULL
1.56
1.68
0.44
NULL
-1.64
-0.72
-2.53
-3.14
NULL
NULL
NULL
NULL
NULL
NULL
NULL
NULL
NULL
NULL
NULL
-2.04
-0.38
NULL
NULL
2.79
1.75
-0.03
-0.76
-1.18
-2.16
-4.12
-5.52
-4.01
-2.79
-1.99
-0.1
-1.03
0.05
-2.22
-1.71
-3.1
-5.09
-4.88
-5.25
-4.29
-2.68
-1.63
-0.34
-0.92
-1.46
-3.68
-4.5
-6.26
-7.49
-6.29
-6.45
-6.29
-3.46
-1.5
0.19
1.88
0.12
-1.34
-1.39
-1.9
-2.41
-5.49
-6.44
-5.47
-2.7
