-5.17
-4.81
NULL
NULL
0.0
1.33
1.2
1.75
0.32
0.63
-0.78
-3.12
-3.34
-4.63
NULL
0.08
0.98
4.04
5.58
3.95
2.37
1.32
0.47
-0.5
-2.31
-2.38
0.22
1.86
3.49
5.49
5.94
3.38
2.8
0.73
-0.42
-0.7
-1.15
-2.8
-3.83
-1.96
1.26
2.97
2.31
0.13
-0.35
-1.58
-2.86
-3.94
-4.0
-4.83
-3.55
-1.59
0.99
2.79
3.88
2.94
1.86
-0.18
-1.13
-2.48
-3.2
-3.33
-2.99
0.74
2.08
4.75
3.57
2.2
0.02
-0.68
-1.94
-2.24
-3.99
-4.24
-3.24
-0.01
2.85
5.25
5.46
3.01
0.97
0.53
-1.32
-1.8
-2.92
-4.09
-3.25
-1.09
-0.39
1.7
2.71
1.81
0.76
0.78
1.12
-0.15
-1.93
-2.98
-2.42
1.8
3.62
4.77
4.53
2.73
1.52
NULL
-2.3
-2.89
-3.68
-4.1
NULL
0.17
-0.31
1.48
1.4
-0.01
-2.94
-2.7
-2.62
-4.23
-3.43
NULL
-3.99
-0.69
0.38
2.81
NULL
0.67
-2.23
-2.65
-3.89
NULL
-5.18
-6.79
-5.09
-1.85
NULL
NULL
4.07
2.5
1.44
2.01
NULL
-1.4
-3.01
-3.6
-2.03
NULL
0.6
1.88
3.35
1.76
NULL
0.09
-0.66
1.38
-0.45
-0.99
NULL
1.8
1.33
3.07
NULL
NULL
3.08
1.75
1.49
0.58
NULL
-3.26
-2.37
-0.84
1.48
NULL
NULL
1.75
2.02
-1.42
NULL
-2.81
-4.13
-4.81
-5.79
NULL
NULL
NULL
NULL
NULL
NULL
NULL
NULL
NULL
NULL
NULL
-3.41
-0.46
NULL
NULL
3.28
2.76
1.92
0.81
-1.44
-2.09
-3.18
-4.33
-4.77
-2.4
-0.73
0.71
2.17
1.29
1.14
-0.64
-0.79
-2.53
-4.93
-4.76
-4.84
-2.38
0.81
1.62
1.05
-2.13
-1.26
-3.69
-4.1
-4.19
-5.38
-5.89
-2.81
1.26
1.28
4.87
5.12
2.14
1.15
0.18
-0.57
-3.63
-2.45
-4.14
-5.65
-3.39
