-6.11
-5.9
NULL
NULL
0.17
3.48
4.42
5.08
2.9
2.62
0.06
-3.0
-3.63
-5.45
NULL
2.22
3.88
6.67
9.23
7.16
4.67
3.23
1.2
-0.61
-2.79
-3.48
0.76
3.29
4.38
6.97
8.41
5.28
3.86
1.33
-0.94
-2.33
-2.51
-4.98
-6.18
-2.01
1.21
4.06
4.31
1.55
0.26
-2.26
-4.07
-5.24
-5.53
-6.48
-4.59
-1.64
2.11
3.68
5.71
4.83
3.4
0.93
-1.21
-3.28
-4.37
-4.22
-3.85
0.34
2.43
6.87
6.01
3.68
0.77
-0.44
-2.6
-3.19
-5.73
-6.34
-4.06
0.56
3.72
5.66
6.62
3.61
0.87
0.07
-2.37
-3.39
-4.29
-6.44
-4.27
-1.79
-1.64
1.37
3.29
1.96
0.56
-0.23
1.29
0.03
-2.28
-4.79
-3.62
1.44
5.86
7.99
7.12
4.35
2.28
NULL
-2.5
-3.68
-5.02
-6.0
NULL
2.29
1.78
4.5
4.77
3.05
-1.32
-1.56
-2.05
-5.28
-4.26
NULL
-4.69
-0.09
1.9
3.83
NULL
1.37
-1.34
-3.37
-5.24
NULL
-6.79
-9.02
-6.73
-2.14
NULL
NULL
6.51
4.64
2.03
2.59
NULL
-3.56
-3.87
-4.7
-1.49
NULL
1.7
3.39
6.5
3.53
NULL
-0.21
-2.27
1.76
-1.49
-3.43
NULL
1.03
-0.82
1.37
NULL
NULL
2.38
0.59
-1.43
-1.8
NULL
-6.75
-5.19
-2.85
-0.19
NULL
NULL
-0.35
0.29
-4.24
NULL
-5.58
-7.15
-8.45
-9.32
NULL
NULL
NULL
NULL
NULL
NULL
NULL
NULL
NULL
NULL
NULL
-5.67
-1.82
NULL
NULL
2.55
2.26
0.98
-1.08
-4.13
-5.62
-7.32
-8.44
-7.92
-5.17
-2.48
-1.19
1.39
0.75
-0.44
-3.16
-3.57
-5.96
-8.81
-9.34
-8.88
-6.12
-1.95
0.74
-0.37
-4.62
-4.04
-6.96
-8.19
-8.71
-10.16
-10.96
-6.86
-1.79
-0.83
4.48
5.13
1.42
0.25
-1.56
-2.8
-5.81
-5.85
-8.79
-8.63
-4.59
