-3.98
-5.15
NULL
NULL
0.3
4.79
6.3
5.37
3.65
2.47
-0.83
-2.8
-5.17
-6.59
NULL
1.33
3.57
5.51
7.95
7.09
3.68
2.78
0.24
-1.92
-3.22
-4.13
-0.41
1.76
2.52
4.25
6.75
4.81
2.71
0.68
-1.3
-3.42
-3.86
-6.36
-6.38
-0.49
2.14
4.57
5.68
3.52
1.11
-1.55
-3.39
-3.93
-5.79
-5.93
-4.19
-0.9
2.71
3.66
5.26
5.49
4.53
2.28
-0.68
-2.12
-4.38
-4.88
-4.09
-2.04
0.14
6.07
6.53
3.55
1.56
0.64
-2.31
-3.72
-5.94
-6.31
-4.29
2.16
3.23
5.94
7.56
4.45
1.33
0.17
-1.21
-3.64
-4.86
-5.81
-3.7
-1.37
-1.8
1.68
4.12
2.49
1.24
-0.43
1.48
0.04
-1.96
-5.5
-4.42
0.08
6.21
10.06
8.24
4.52
2.83
NULL
-1.19
-2.91
-4.55
-5.54
NULL
3.69
5.1
6.98
6.91
5.92
1.72
0.72
-1.05
-3.55
-4.0
NULL
-3.52
0.79
4.68
4.77
NULL
2.59
1.77
-0.86
-2.93
NULL
-6.02
-6.85
-5.0
-1.09
NULL
NULL
7.36
6.06
3.39
3.22
NULL
-4.0
-3.61
-4.31
-0.96
NULL
2.9
5.49
6.82
4.86
NULL
0.98
-2.1
-0.33
-3.38
-4.44
NULL
0.15
-1.95
0.39
NULL
NULL
2.09
-0.26
-3.81
-3.39
NULL
-7.14
-4.99
-2.71
0.42
NULL
NULL
0.66
0.24
-1.59
NULL
-4.96
-5.57
-7.36
-7.22
NULL
NULL
NULL
NULL
NULL
NULL
NULL
NULL
NULL
NULL
NULL
-4.09
-1.43
NULL
NULL
3.27
2.17
0.68
-1.32
-3.68
-5.13
-7.55
-9.37
-7.5
-5.17
-1.97
-0.85
0.73
1.62
-0.89
-2.79
-4.44
-6.62
-7.76
-9.51
-8.6
-5.6
-3.24
0.31
-0.24
-2.24
-4.29
-6.53
-8.17
-10.19
-10.4
-10.79
-7.97
-3.87
-1.76
3.46
3.79
1.26
-0.9
-2.75
-2.68
-4.51
-7.46
-9.64
-7.34
-2.32
