-3.9
-4.72
NULL
NULL
-0.51
3.92
5.39
4.26
2.96
1.99
-0.61
-2.26
-4.55
-5.66
NULL
0.38
2.42
4.45
7.07
6.36
3.23
2.58
0.42
-1.31
-2.45
-3.3
-0.22
1.28
1.77
3.44
5.47
3.59
1.73
0.23
-1.19
-2.84
-3.34
-5.68
-5.57
-0.47
1.76
3.42
4.28
2.71
0.5
-1.57
-3.16
-3.66
-5.14
-4.92
-4.01
-1.26
1.77
2.58
4.11
4.09
3.54
1.73
-0.83
-1.72
-3.7
-4.52
-3.62
-1.75
0.14
5.6
5.85
3.05
1.28
0.7
-1.99
-3.39
-5.22
-5.63
-3.71
2.12
3.14
6.21
7.5
4.57
1.8
0.79
-0.43
-2.62
-3.76
-4.52
-2.71
-1.05
-1.59
1.59
3.81
2.21
1.45
0.0
1.69
0.26
-1.32
-4.23
-3.49
0.95
5.75
8.68
7.13
3.85
2.62
NULL
-0.79
-2.37
-3.58
-4.57
NULL
3.04
3.88
5.33
4.92
4.12
1.02
0.21
-1.35
-3.19
-3.63
NULL
-3.16
-0.12
3.28
3.33
NULL
1.41
1.09
-1.09
-2.87
NULL
-5.57
-5.82
-4.63
-1.51
NULL
NULL
6.45
5.16
3.31
3.41
NULL
-2.52
-2.54
-3.13
-1.12
NULL
2.39
5.03
5.85
4.39
NULL
1.83
-0.6
0.74
-1.69
-2.35
NULL
1.22
-0.6
0.91
NULL
NULL
2.48
0.17
-2.65
-2.33
NULL
-5.29
-3.44
-2.08
0.81
NULL
NULL
1.03
0.84
-0.91
NULL
-3.69
-3.8
-5.55
-5.74
NULL
NULL
NULL
NULL
NULL
NULL
NULL
NULL
NULL
NULL
NULL
-3.33
-0.98
NULL
NULL
3.13
2.08
0.52
-1.01
-2.71
-3.97
-6.16
-7.8
-6.16
-4.22
-1.92
-0.5
0.2
1.07
-1.26
-2.34
-3.83
-5.93
-6.66
-7.83
-6.94
-4.44
-2.46
0.18
-0.42
-2.0
-3.97
-5.74
-7.37
-9.0
-8.78
-9.1
-7.17
-3.5
-1.54
2.39
3.21
0.88
-0.95
-2.13
-2.33
-3.75
-6.55
-8.3
-6.65
-2.53
