-3.52
-3.24
NULL
NULL
0.02
0.44
0.13
0.61
-0.25
0.09
-0.67
-2.16
-2.16
-2.96
NULL
-0.12
0.34
2.43
3.27
2.21
1.33
0.63
0.28
-0.24
-1.43
-1.38
0.08
1.12
2.38
3.62
3.77
2.15
1.94
0.54
-0.09
-0.14
-0.5
-1.51
-2.24
-1.41
0.82
1.86
1.26
-0.21
-0.34
-0.98
-1.77
-2.53
-2.51
-3.15
-2.25
-1.05
0.56
1.87
2.41
1.76
1.04
-0.27
-0.71
-1.59
-1.98
-2.03
-1.88
0.59
1.4
2.81
1.94
1.22
-0.12
-0.55
-1.24
-1.33
-2.43
-2.55
-2.14
-0.18
1.75
3.39
3.4
1.84
0.59
0.36
-0.81
-1.02
-1.83
-2.51
-2.17
-0.69
-0.08
1.17
1.69
1.16
0.46
0.65
0.7
-0.14
-1.3
-1.76
-1.46
1.22
2.1
2.74
2.67
1.6
0.86
NULL
-1.62
-1.89
-2.39
-2.61
NULL
-0.35
-0.62
0.48
0.42
-0.52
-2.36
-2.13
-1.93
-2.86
-2.32
NULL
-2.81
-0.63
-0.08
1.71
NULL
0.28
-1.84
-1.85
-2.58
NULL
-3.42
-4.5
-3.36
-1.3
NULL
NULL
2.21
1.21
0.71
1.06
NULL
-0.84
-2.1
-2.49
-1.52
NULL
0.15
0.92
1.72
0.84
NULL
-0.13
-0.44
0.74
-0.33
-0.56
NULL
1.08
0.97
2.19
NULL
NULL
1.93
1.18
1.31
0.58
NULL
-2.0
-1.5
-0.49
1.02
NULL
NULL
1.22
1.38
-0.8
NULL
-1.79
-2.78
-3.09
-3.79
NULL
NULL
NULL
NULL
NULL
NULL
NULL
NULL
NULL
NULL
NULL
-2.32
-0.44
NULL
NULL
2.11
1.75
1.29
0.67
-0.79
-1.1
-1.77
-2.55
-3.01
-1.46
-0.43
0.49
1.46
0.77
0.95
-0.22
-0.24
-1.31
-2.97
-2.79
-2.97
-1.37
0.67
0.97
0.7
-1.36
-0.61
-2.19
-2.34
-2.32
-3.17
-3.52
-1.49
1.15
0.98
3.23
3.23
1.35
0.71
0.09
-0.29
-2.46
-1.38
-2.38
-3.66
-2.39
