-1.46
-1.39
NULL
NULL
-1.46
-0.05
0.44
0.28
0.33
0.25
0.38
0.33
-0.53
-0.47
NULL
-0.58
-0.45
0.59
2.63
2.4
1.86
1.8
1.59
1.59
1.52
1.37
1.12
0.74
0.54
1.18
1.31
1.04
0.9
0.92
1.14
0.82
0.46
-0.69
-0.78
-0.37
0.05
-0.52
-0.46
-0.48
-0.92
-1.05
-1.35
-1.79
-1.64
-1.79
-2.19
-1.7
-1.28
-1.17
-0.62
-1.24
-0.78
-0.26
-0.54
-0.46
-0.75
-1.01
-0.43
0.2
0.3
1.07
0.82
0.24
-0.23
0.23
-0.59
-1.0
-1.43
-1.68
-1.41
0.11
0.41
2.48
2.52
1.57
1.14
0.84
0.53
0.2
-0.04
-0.52
-0.07
-0.53
-0.72
0.07
0.73
0.15
0.82
0.64
1.2
0.86
0.85
0.6
0.58
2.42
2.56
2.25
2.05
1.31
1.26
NULL
0.57
0.17
-0.15
-0.86
NULL
-0.51
-1.02
-1.15
-1.73
-1.87
-1.62
-1.65
-2.15
-2.27
-2.37
NULL
-2.46
-2.96
-2.58
-2.71
NULL
-2.82
-2.68
-2.84
-2.99
NULL
-3.56
-2.82
-3.08
-2.98
NULL
NULL
-0.04
-0.46
-0.2
0.04
NULL
-0.54
-1.18
-1.08
-1.71
NULL
-1.45
-0.54
-0.56
0.07
NULL
0.59
0.55
0.97
0.89
0.87
NULL
0.34
-0.57
-1.11
NULL
NULL
-0.07
-0.5
-0.76
-0.82
NULL
-1.34
-0.88
-2.02
-1.0
NULL
NULL
-0.98
-0.58
-0.97
NULL
-1.29
-1.13
-1.83
-2.44
NULL
NULL
NULL
NULL
NULL
NULL
NULL
NULL
NULL
NULL
NULL
-2.7
-2.26
NULL
NULL
-0.36
-0.33
-1.03
-0.93
-0.92
-1.3
-2.12
-2.28
-1.97
-2.06
-2.81
-2.11
-2.67
-2.5
-2.82
-2.31
-2.48
-3.35
-3.33
-3.15
-2.76
-2.96
-2.86
-2.74
-2.87
-3.37
-3.42
-3.06
-3.94
-4.14
-3.73
-3.62
-3.8
-3.02
-2.66
-3.09
-2.13
-2.44
-2.52
-2.34
-2.67
-3.05
-4.0
-4.47
-4.51
-3.98
