-4.8
-6.46
NULL
NULL
-0.37
3.78
4.65
4.18
2.1
0.48
-2.99
-3.34
-6.96
-7.69
NULL
-0.09
1.82
4.39
6.76
6.05
3.86
2.99
0.51
-2.59
-3.28
-3.03
-0.44
0.52
1.24
2.53
5.06
3.49
0.95
-0.86
-1.44
-3.97
-4.85
-6.89
-5.41
0.0
3.32
4.58
6.58
4.62
1.3
0.06
-1.64
-2.62
-5.02
-5.84
-3.37
0.41
2.82
3.69
5.04
5.12
5.14
2.63
-0.23
-0.99
-4.31
-6.38
-4.35
-4.18
-2.07
2.97
5.02
2.79
1.47
1.12
-1.82
-4.11
-5.86
-5.39
-4.03
2.61
3.09
7.14
8.71
5.58
2.77
0.41
-0.36
-3.52
-5.35
-4.88
-4.32
-2.0
-1.47
1.84
3.69
2.86
2.21
-0.04
0.39
-1.49
-2.88
-6.38
-4.64
-0.34
6.21
11.05
9.76
5.09
4.34
NULL
-0.74
-1.52
-3.8
-5.89
NULL
2.68
5.85
7.27
7.25
6.84
2.87
1.87
-1.83
-1.36
-3.84
NULL
-2.85
-0.28
5.08
5.06
NULL
2.58
1.32
0.23
-0.83
NULL
-6.61
-5.8
-3.38
0.05
NULL
NULL
7.66
7.43
5.43
4.87
NULL
-1.3
-3.31
-2.34
0.37
NULL
1.39
5.73
6.03
6.13
NULL
2.66
-0.43
-2.7
-2.65
-2.7
NULL
-1.33
-2.51
0.03
NULL
NULL
3.71
0.73
-1.5
-1.53
NULL
-6.41
-4.31
-2.85
1.37
NULL
NULL
3.09
1.0
2.9
NULL
-4.14
-5.14
-6.92
-4.59
NULL
NULL
NULL
NULL
NULL
NULL
NULL
NULL
NULL
NULL
NULL
-3.99
-2.52
NULL
NULL
4.33
3.15
-0.18
-0.98
-3.1
-3.77
-6.24
-9.85
-7.02
-4.89
-2.99
-1.65
0.45
2.22
-1.05
-1.1
-3.49
-6.54
-7.11
-8.47
-6.64
-4.02
-2.56
0.0
2.34
2.3
-1.26
-2.9
-4.3
-8.32
-8.33
-7.35
-5.83
-3.27
-1.56
3.12
3.39
2.21
-1.1
-2.19
-2.0
-4.41
-7.79
-10.36
-5.37
-0.9
