-2.73
-3.59
NULL
NULL
-0.49
2.42
3.06
2.46
1.59
0.84
-0.99
-1.61
-3.48
-4.04
NULL
-0.25
1.08
2.61
4.35
3.84
2.07
1.78
0.43
-0.95
-1.48
-1.76
-0.25
0.51
0.74
1.62
3.08
2.09
0.71
-0.26
-0.75
-1.99
-2.64
-4.04
-3.42
-0.11
1.45
2.31
3.11
2.15
0.47
-0.5
-1.49
-1.81
-3.24
-3.12
-2.4
-0.42
1.29
1.86
2.7
2.79
2.7
1.35
-0.28
-0.49
-2.23
-3.37
-2.83
-2.17
-0.73
2.8
3.43
1.88
0.9
0.67
-1.15
-2.31
-3.35
-3.54
-2.42
1.86
1.98
4.16
5.21
3.34
1.38
0.45
0.01
-1.8
-2.83
-2.88
-2.15
-0.93
-1.21
0.98
2.48
1.55
1.13
0.11
0.83
-0.24
-1.15
-3.14
-2.59
0.22
3.63
6.28
5.11
2.64
2.03
NULL
-0.29
-1.1
-2.22
-3.25
NULL
1.73
2.97
3.82
3.51
3.18
1.03
0.45
-0.93
-1.3
-2.33
NULL
-2.01
-0.18
2.48
2.29
NULL
0.89
0.62
-0.26
-1.25
NULL
-3.88
-3.55
-2.66
-0.8
NULL
NULL
4.12
3.68
2.78
2.55
NULL
-1.16
-1.69
-1.86
-0.43
NULL
1.24
3.44
3.38
3.14
NULL
1.57
-0.18
-0.4
-1.4
-1.46
NULL
0.07
-0.81
0.26
NULL
NULL
1.62
0.08
-1.35
-1.42
NULL
-3.6
-2.45
-1.64
0.64
NULL
NULL
1.14
0.46
0.54
NULL
-2.41
-2.36
-3.52
-3.18
NULL
NULL
NULL
NULL
NULL
NULL
NULL
NULL
NULL
NULL
NULL
-2.5
-1.24
NULL
NULL
2.04
1.27
-0.18
-0.92
-1.74
-2.41
-4.2
-5.73
-4.16
-3.08
-1.94
-1.08
-0.38
0.66
-1.2
-1.31
-2.48
-4.04
-4.39
-5.1
-4.35
-3.03
-2.19
-0.35
0.19
-0.12
-2.04
-2.91
-4.1
-5.73
-5.44
-5.58
-4.76
-2.67
-1.28
1.24
1.66
0.71
-0.98
-1.69
-1.67
-2.65
-4.92
-6.09
-4.11
-1.62
