-2.35
-2.4
NULL
NULL
-0.58
1.76
2.45
1.85
1.22
0.94
-0.1
-1.13
-2.19
-2.79
NULL
-0.37
0.6
2.11
3.83
3.25
1.66
1.32
0.37
-0.35
-1.12
-1.5
0.08
0.63
0.91
2.08
2.8
1.48
0.67
-0.02
-0.56
-1.08
-1.38
-2.68
-2.75
-0.48
0.82
1.4
1.58
0.88
-0.14
-1.0
-1.84
-2.23
-2.6
-2.44
-2.39
-1.1
0.42
0.96
1.88
1.48
1.3
0.4
-0.72
-1.07
-1.91
-2.46
-1.88
-0.41
0.52
3.27
3.02
1.55
0.44
0.23
-1.09
-1.82
-2.77
-3.05
-1.95
0.89
1.89
3.97
4.39
2.69
1.27
0.79
-0.04
-0.92
-1.51
-2.04
-1.11
-0.46
-0.7
0.98
2.07
1.17
0.95
0.36
1.11
0.23
-0.55
-1.71
-1.49
1.36
3.08
3.96
3.42
1.9
1.38
NULL
-0.46
-1.24
-1.61
-2.15
NULL
1.23
1.08
1.83
1.39
0.88
-0.33
-0.53
-1.12
-1.94
-1.92
NULL
-1.77
-0.63
0.8
1.21
NULL
0.16
-0.14
-1.04
-1.9
NULL
-3.03
-3.11
-2.71
-1.18
NULL
NULL
3.32
2.43
1.81
2.17
NULL
-0.44
-0.98
-1.28
-0.93
NULL
0.96
2.36
2.82
2.05
NULL
1.41
0.56
1.47
0.35
0.06
NULL
1.65
0.82
1.19
NULL
NULL
1.95
0.62
-0.36
-0.34
NULL
-1.81
-0.97
-0.7
0.9
NULL
NULL
1.02
1.17
-0.33
NULL
-1.32
-1.24
-2.15
-2.65
NULL
NULL
NULL
NULL
NULL
NULL
NULL
NULL
NULL
NULL
NULL
-1.55
-0.09
NULL
NULL
1.97
1.47
0.55
-0.08
-0.88
-1.51
-2.5
-3.31
-2.79
-1.74
-0.96
0.17
0.18
0.38
-0.65
-0.97
-1.56
-2.8
-3.3
-3.42
-2.98
-1.71
-0.41
0.4
-0.13
-1.26
-1.94
-2.91
-3.74
-4.2
-4.05
-4.23
-3.35
-1.2
-0.37
1.23
2.03
0.46
-0.27
-0.48
-1.01
-1.87
-2.87
-3.74
-3.69
-1.93
