-0.76
-0.83
NULL
NULL
0.67
3.61
3.89
2.89
3.36
2.67
1.91
0.89
0.89
-0.49
NULL
0.65
0.89
1.29
2.37
2.84
2.21
1.97
1.02
1.1
0.18
0.23
-0.27
-0.72
-0.73
-0.14
1.01
0.56
-0.18
-0.28
-0.81
-1.72
-1.86
-2.16
-1.4
0.51
0.02
1.57
2.48
1.86
1.49
1.23
1.33
-0.19
-0.91
-1.06
0.45
1.77
1.58
1.61
2.18
2.02
2.17
2.32
1.78
0.53
-0.12
-1.2
-0.95
-1.05
-0.22
1.67
2.52
2.66
1.21
0.44
-0.24
-0.21
-1.69
-2.81
-0.43
0.1
-1.12
-0.53
2.13
0.99
-0.27
-1.03
-1.77
-1.98
-2.13
-3.31
-2.7
-2.13
-2.54
-1.54
-0.88
-0.15
-1.24
-1.3
-1.57
-2.56
-3.27
-3.02
-2.44
-0.27
0.46
1.04
-0.1
-0.25
-1.93
NULL
-1.74
-2.66
-3.87
-3.69
NULL
-2.04
-2.14
-0.63
0.87
0.75
-0.04
-0.79
0.11
-1.87
-1.22
NULL
-0.04
0.42
1.13
0.55
NULL
0.37
-0.7
0.22
-0.76
NULL
-1.29
-2.84
-0.6
0.49
NULL
NULL
3.5
5.25
5.17
5.21
NULL
2.8
2.01
2.17
3.66
NULL
1.67
2.01
3.17
3.82
NULL
2.3
1.8
2.01
0.58
-0.31
NULL
0.65
-0.39
-0.6
NULL
NULL
1.86
2.09
0.22
0.34
NULL
-0.41
-0.39
0.1
0.23
NULL
NULL
1.27
0.07
-0.43
NULL
-0.76
-1.54
-1.73
-1.3
NULL
NULL
NULL
NULL
NULL
NULL
NULL
NULL
NULL
NULL
NULL
-1.49
-1.13
NULL
NULL
0.37
-0.18
0.78
0.31
-0.29
-0.74
-1.36
-1.64
-1.19
-1.12
-1.73
-1.06
-0.04
0.28
-0.01
-0.53
0.12
-0.91
-1.61
-1.79
3.67
2.52
3.03
3.91
4.05
6.25
6.19
4.91
4.32
3.49
2.68
1.55
2.43
2.7
2.51
2.9
3.29
2.62
2.96
2.4
2.74
2.56
1.09
1.15
1.55
1.8
