-3.5
-3.46
NULL
NULL
-1.55
1.97
3.05
2.07
1.43
1.05
-0.01
-1.17
-2.93
-3.54
NULL
-1.1
0.13
2.45
5.55
4.8
2.58
2.21
1.02
0.2
-0.73
-1.27
0.36
0.67
0.89
2.57
3.45
1.75
0.73
0.05
-0.32
-1.04
-1.62
-3.68
-3.64
-0.72
0.96
1.19
1.46
0.79
-0.69
-1.63
-2.74
-3.38
-3.73
-3.46
-3.82
-2.08
-0.14
0.51
1.81
1.01
1.15
0.36
-1.13
-1.35
-2.53
-3.5
-2.52
-0.63
0.53
4.26
3.92
1.85
0.42
0.44
-1.53
-2.66
-3.91
-4.37
-2.88
1.35
2.62
6.29
6.8
4.31
2.42
1.7
0.65
-0.62
-1.47
-2.24
-0.93
-0.53
-0.97
1.42
3.0
1.59
1.73
0.89
2.01
0.73
-0.12
-1.56
-1.41
2.92
4.92
5.66
4.93
2.78
2.26
NULL
-0.14
-1.24
-1.68
-2.71
NULL
1.3
0.91
1.64
0.7
0.08
-0.97
-1.26
-2.21
-3.12
-3.18
NULL
-2.93
-2.12
-0.13
0.26
NULL
-1.04
-1.11
-2.18
-3.27
NULL
-4.89
-4.41
-4.24
-2.5
NULL
NULL
4.23
2.99
2.55
3.11
NULL
-0.07
-1.12
-1.45
-1.61
NULL
0.92
3.11
3.41
2.88
NULL
2.65
1.68
2.81
1.52
1.21
NULL
2.68
1.39
1.38
NULL
NULL
2.58
0.71
-0.5
-0.46
NULL
-2.28
-1.12
-1.45
0.96
NULL
NULL
1.06
1.45
-0.41
NULL
-1.83
-1.45
-2.89
-3.88
NULL
NULL
NULL
NULL
NULL
NULL
NULL
NULL
NULL
NULL
NULL
-2.79
-0.91
NULL
NULL
2.26
1.63
0.08
-0.52
-1.26
-2.17
-3.76
-4.89
-4.01
-2.87
-2.42
-0.63
-1.08
-0.67
-2.12
-2.01
-2.86
-4.8
-5.24
-5.19
-4.42
-3.06
-1.62
-0.78
-1.48
-2.83
-3.86
-4.71
-6.2
-6.82
-6.28
-6.5
-5.83
-2.95
-1.7
-0.23
1.26
-0.7
-1.56
-1.57
-2.42
-3.43
-5.27
-6.43
-6.35
-4.12
