-2.3
-2.33
NULL
NULL
-0.05
-0.93
-1.63
-1.99
-1.77
-1.4
-1.35
-2.06
-2.61
-2.96
NULL
-2.04
-1.8
-0.26
0.48
0.47
-0.66
-1.13
-0.75
-0.55
-1.01
-1.05
-1.5
-1.14
1.01
1.27
1.55
1.21
1.88
0.98
1.34
1.52
0.33
-0.9
-1.3
-1.21
0.89
0.86
0.24
-1.0
-0.95
-0.77
-1.43
-2.14
-2.27
-2.74
-2.38
-1.28
0.37
1.78
1.18
0.72
0.61
0.02
-0.07
-0.72
-1.21
-1.1
-1.19
-0.24
0.54
1.6
0.58
0.01
0.07
-0.11
-0.96
-0.99
-1.76
-1.93
-2.55
0.0
1.21
4.34
3.62
2.07
1.16
1.1
0.73
0.29
-0.94
-0.85
-1.05
-0.03
0.64
1.63
1.93
1.01
0.91
1.17
1.54
0.42
-0.57
-0.47
-0.74
1.45
1.78
1.87
1.51
0.44
0.19
NULL
-1.12
-1.46
-1.7
-1.95
NULL
-1.89
-1.0
-1.19
-1.6
-2.27
-2.76
-2.86
-2.63
-3.03
-3.05
NULL
-4.13
-2.28
-1.19
0.25
NULL
-0.97
-2.17
-1.88
-2.35
NULL
-3.9
-3.79
-3.47
-2.06
NULL
NULL
-0.39
-1.0
-0.16
-0.42
NULL
-1.55
-2.77
-3.3
-3.02
NULL
-0.68
0.63
-0.12
0.13
NULL
-0.33
-0.17
-0.09
-0.93
-0.56
NULL
0.15
0.18
1.35
NULL
NULL
-0.1
-0.54
-0.12
-0.6
NULL
-2.43
-1.86
-1.23
0.49
NULL
NULL
0.38
0.68
-0.15
NULL
-2.03
-2.83
-2.83
-3.95
NULL
NULL
NULL
NULL
NULL
NULL
NULL
NULL
NULL
NULL
NULL
-3.32
-2.28
NULL
NULL
0.99
0.15
-0.15
0.0
-0.7
-0.4
-1.59
-2.64
-3.04
-2.32
-1.4
-0.49
-0.6
-1.05
0.26
-0.34
-0.95
-1.23
-2.14
-2.53
-2.75
-1.4
-1.2
-1.87
-2.05
-2.63
-2.62
-3.31
-3.49
-3.57
-3.64
-4.0
-3.49
-1.39
-1.19
-0.4
-1.33
-2.34
-2.97
-3.13
-2.23
-3.89
-3.56
-3.59
-5.34
-4.51
