-0.55
-0.6
NULL
NULL
0.0
-0.63
-0.98
-1.04
-0.68
-0.59
-0.38
-0.48
-0.91
-1.22
NULL
-1.4
-1.25
-1.09
-0.95
-0.48
-0.95
-1.16
-0.92
-0.63
-0.51
-0.78
-1.31
-1.14
-0.17
-0.52
-0.06
0.26
1.01
1.25
1.58
1.68
0.93
0.17
-0.08
-0.49
0.21
-0.16
-0.16
-0.72
-0.54
-0.46
-0.66
-0.94
-0.85
-1.06
-1.1
-0.62
0.58
1.0
0.69
0.41
0.59
0.48
0.57
0.28
-0.05
0.14
-0.19
-0.29
0.16
0.53
-0.25
-0.29
0.25
0.36
0.0
0.25
-0.14
-0.56
-0.68
0.38
0.67
1.7
1.09
0.56
0.55
0.64
0.52
0.19
-0.38
-0.33
-0.52
-0.4
-0.4
-0.04
0.15
-0.36
0.06
0.21
0.99
0.51
0.03
0.03
-0.29
0.22
0.48
0.15
-0.08
-0.56
-0.57
NULL
-0.81
-0.88
-1.2
-1.56
NULL
-1.54
-1.03
-1.45
-1.5
-1.81
-1.47
-1.55
-1.48
-1.86
-1.93
NULL
-2.85
-2.0
-1.75
-1.34
NULL
-1.62
-1.86
-1.92
-1.83
NULL
-2.71
-2.46
-2.53
-1.98
NULL
NULL
-1.77
-1.9
-1.2
-1.38
NULL
-1.86
-1.92
-2.26
-2.32
NULL
-1.66
-0.8
-1.19
-1.06
NULL
-0.95
-0.75
-0.49
-1.2
-1.21
NULL
-1.15
-1.55
-1.25
NULL
NULL
-1.53
-1.25
-1.43
-1.6
NULL
-2.7
-2.49
-2.48
-2.06
NULL
NULL
-2.25
-1.51
-1.82
NULL
-2.43
-2.9
-2.92
-3.5
NULL
NULL
NULL
NULL
NULL
NULL
NULL
NULL
NULL
NULL
NULL
-3.83
-3.53
NULL
NULL
-1.59
-1.89
-2.1
-1.8
-1.74
-1.37
-2.53
-2.78
-2.78
-2.89
-2.78
-2.77
-2.47
-2.6
-1.28
-1.44
-1.64
-1.56
-2.11
-2.54
-2.85
-2.98
-3.38
-3.76
-3.75
-3.69
-3.61
-3.45
-3.66
-3.72
-3.74
-4.18
-4.42
-3.41
-3.15
-3.17
-3.76
-3.85
-4.06
-4.13
-3.38
-4.22
-4.41
-4.56
-5.05
-4.68
