-6.1
-7.65
NULL
NULL
-0.12
3.58
3.11
3.72
1.8
0.25
-2.88
-4.0
-5.71
-7.37
NULL
-1.73
-0.82
2.07
5.67
4.3
4.04
3.48
0.98
-2.07
-3.22
-1.36
-0.73
-0.65
-0.37
0.62
3.54
2.15
-0.23
-2.12
-2.22
-4.71
-6.53
-7.16
-4.19
-0.11
2.15
4.15
7.41
4.94
1.99
2.13
0.74
-1.75
-4.1
-5.46
-1.77
2.43
3.35
4.41
6.0
4.93
5.37
2.6
1.38
-0.2
-3.21
-6.47
-5.54
-5.25
-2.11
1.55
4.35
4.86
2.39
1.05
-1.18
-2.61
-4.75
-5.18
-1.32
3.34
2.88
5.6
8.66
6.11
3.28
0.05
-1.36
-3.55
-5.51
-5.67
-5.62
-3.21
-2.61
0.13
1.73
2.42
0.95
-0.49
-2.03
-4.39
-6.05
-7.49
-4.61
0.38
5.28
10.55
9.19
5.65
3.75
NULL
-0.32
-0.82
-4.55
-7.46
NULL
0.4
2.71
5.53
8.29
7.19
2.01
1.46
-0.71
-0.73
-3.03
NULL
-2.05
0.72
3.34
4.23
NULL
2.06
-1.3
-1.01
-1.18
NULL
-6.26
-6.82
-2.47
1.09
NULL
NULL
7.06
9.45
8.42
7.39
NULL
2.05
-2.09
-0.79
3.91
NULL
-0.45
3.18
5.59
6.59
NULL
3.45
0.54
-1.37
-1.54
-2.25
NULL
-2.97
-3.94
-2.23
NULL
NULL
2.9
1.85
1.22
-1.23
NULL
-7.03
-5.77
-4.07
-0.36
NULL
NULL
2.61
-1.06
0.57
NULL
-5.23
-7.28
-7.75
-4.67
NULL
NULL
NULL
NULL
NULL
NULL
NULL
NULL
NULL
NULL
NULL
-7.03
-5.69
NULL
NULL
0.86
0.52
-2.65
-3.23
-5.13
-5.87
-8.23
-11.03
-7.91
-7.53
-8.64
-7.28
-2.49
-1.08
-3.55
-3.49
-4.68
-7.31
-10.22
-9.79
-3.22
-4.21
-2.28
-0.24
4.53
5.91
3.76
1.23
-0.19
-3.3
-5.49
-5.22
-4.13
-2.41
-1.37
1.21
1.82
0.94
-1.59
-1.97
-3.55
-5.78
-7.3
-9.68
-4.01
-3.6
