-2.02
-1.98
NULL
NULL
-1.79
0.05
0.53
0.32
0.28
0.12
0.19
0.06
-0.85
-0.81
NULL
-0.59
-0.23
0.8
2.7
2.65
1.81
1.9
1.49
1.74
1.46
0.93
0.98
0.83
0.44
1.21
1.17
0.84
0.45
0.35
0.57
0.3
-0.01
-1.3
-1.43
-0.69
-0.08
-0.65
-0.63
-0.67
-1.23
-1.4
-1.82
-2.14
-2.11
-2.0
-2.36
-1.92
-1.42
-1.24
-0.56
-1.17
-0.73
-0.27
-0.67
-0.43
-0.89
-1.28
-0.49
0.1
0.39
1.63
1.31
0.48
-0.14
0.46
-0.53
-0.9
-1.37
-1.61
-1.18
0.57
0.97
3.21
3.26
2.17
1.55
1.45
1.01
0.46
0.16
-0.17
0.12
-0.27
-0.68
0.25
1.05
0.35
0.83
0.74
1.48
1.1
1.11
0.6
0.59
2.57
2.85
2.8
2.53
1.51
1.56
NULL
0.66
0.15
-0.15
-0.91
NULL
-0.3
-0.84
-0.89
-1.52
-1.69
-1.73
-1.72
-2.28
-2.33
-2.51
NULL
-2.69
-3.28
-2.58
-2.85
NULL
-3.1
-2.77
-3.05
-3.24
NULL
-3.83
-3.1
-3.21
-3.17
NULL
NULL
0.35
-0.09
0.1
0.53
NULL
-0.34
-0.76
-0.89
-1.55
NULL
-1.1
0.16
0.09
0.59
NULL
0.98
0.95
1.54
1.2
1.23
NULL
0.92
0.0
-0.64
NULL
NULL
0.46
-0.45
-0.86
-0.72
NULL
-1.38
-0.8
-1.99
-0.76
NULL
NULL
-0.84
-0.32
-0.8
NULL
-1.28
-1.02
-1.84
-2.43
NULL
NULL
NULL
NULL
NULL
NULL
NULL
NULL
NULL
NULL
NULL
-2.39
-1.92
NULL
NULL
-0.04
-0.11
-1.07
-1.0
-0.98
-1.51
-2.37
-2.51
-2.27
-2.33
-2.77
-1.84
-2.87
-2.48
-2.81
-2.27
-2.52
-3.48
-3.33
-3.31
-3.09
-3.14
-2.93
-2.55
-2.83
-3.39
-3.54
-3.21
-4.31
-4.56
-3.95
-3.87
-4.19
-3.16
-2.62
-2.77
-1.7
-2.04
-2.41
-2.24
-2.57
-2.99
-4.09
-4.43
-4.61
-3.81
