-1.99
-2.57
NULL
NULL
0.15
2.39
3.15
2.69
1.83
1.23
-0.42
-1.4
-2.59
-3.29
NULL
0.66
1.79
2.75
3.97
3.54
1.84
1.39
0.12
-0.96
-1.61
-2.07
-0.21
0.88
1.26
2.13
3.37
2.41
1.36
0.34
-0.65
-1.71
-1.93
-3.18
-3.19
-0.25
1.07
2.29
2.84
1.76
0.55
-0.77
-1.69
-1.97
-2.9
-2.96
-2.09
-0.45
1.35
1.83
2.63
2.75
2.26
1.14
-0.34
-1.06
-2.19
-2.44
-2.04
-1.02
0.07
3.03
3.26
1.77
0.78
0.32
-1.16
-1.86
-2.97
-3.15
-2.14
1.08
1.61
2.97
3.78
2.22
0.66
0.08
-0.6
-1.82
-2.43
-2.9
-1.85
-0.69
-0.9
0.84
2.06
1.25
0.62
-0.22
0.74
0.02
-0.98
-2.75
-2.21
0.04
3.11
5.03
4.12
2.26
1.41
NULL
-0.59
-1.45
-2.27
-2.77
NULL
1.84
2.55
3.49
3.46
2.96
0.86
0.36
-0.52
-1.77
-2.0
NULL
-1.76
0.4
2.34
2.39
NULL
1.3
0.89
-0.43
-1.46
NULL
-3.01
-3.42
-2.5
-0.54
NULL
NULL
3.68
3.03
1.69
1.61
NULL
-2.0
-1.8
-2.15
-0.48
NULL
1.45
2.74
3.41
2.43
NULL
0.49
-1.05
-0.16
-1.69
-2.22
NULL
0.08
-0.98
0.2
NULL
NULL
1.05
-0.13
-1.91
-1.7
NULL
-3.57
-2.5
-1.35
0.21
NULL
NULL
0.33
0.12
-0.8
NULL
-2.48
-2.78
-3.68
-3.61
NULL
NULL
NULL
NULL
NULL
NULL
NULL
NULL
NULL
NULL
NULL
-2.04
-0.72
NULL
NULL
1.64
1.09
0.34
-0.66
-1.84
-2.56
-3.77
-4.68
-3.75
-2.58
-0.99
-0.42
0.37
0.81
-0.44
-1.4
-2.22
-3.31
-3.88
-4.75
-4.3
-2.8
-1.62
0.15
-0.12
-1.12
-2.15
-3.27
-4.09
-5.09
-5.2
-5.4
-3.98
-1.94
-0.88
1.73
1.89
0.63
-0.45
-1.38
-1.34
-2.25
-3.73
-4.82
-3.67
-1.16
