-3.37
-4.32
NULL
NULL
-1.05
2.3
2.85
2.2
1.35
0.5
-1.33
-1.75
-3.93
-4.42
NULL
-1.01
0.36
2.25
4.45
3.9
2.25
2.08
0.66
-0.87
-1.34
-1.41
-0.25
0.15
0.21
1.09
2.67
1.64
0.06
-0.81
-0.91
-2.23
-3.16
-4.56
-3.44
-0.04
1.55
2.12
3.19
2.33
0.35
-0.23
-1.24
-1.72
-3.35
-3.13
-2.5
-0.34
1.16
1.75
2.66
2.6
2.84
1.41
-0.19
-0.12
-2.18
-3.96
-3.26
-2.84
-1.2
2.56
3.48
2.05
1.01
0.91
-1.08
-2.47
-3.47
-3.7
-2.3
2.37
2.25
4.96
6.19
4.16
2.03
0.81
0.43
-1.64
-2.91
-2.72
-2.24
-1.11
-1.43
0.96
2.56
1.68
1.42
0.32
0.77
-0.56
-1.36
-3.31
-2.65
0.57
3.95
6.89
5.64
2.9
2.43
NULL
-0.02
-0.79
-2.11
-3.55
NULL
1.48
2.88
3.71
3.4
3.15
1.04
0.45
-1.2
-0.99
-2.48
NULL
-2.07
-0.67
2.22
1.95
NULL
0.43
0.21
-0.36
-1.2
NULL
-4.41
-3.62
-2.68
-0.94
NULL
NULL
4.34
4.19
3.67
3.41
NULL
-0.19
-1.37
-1.32
-0.13
NULL
0.92
3.7
3.37
3.65
NULL
2.48
0.68
-0.23
-0.81
-0.61
NULL
0.17
-0.61
0.23
NULL
NULL
2.08
0.39
-0.69
-1.06
NULL
-3.44
-2.3
-1.83
0.83
NULL
NULL
1.64
0.62
1.26
NULL
-2.31
-2.1
-3.36
-2.78
NULL
NULL
NULL
NULL
NULL
NULL
NULL
NULL
NULL
NULL
NULL
-2.87
-1.71
NULL
NULL
2.07
1.25
-0.7
-1.2
-1.77
-2.4
-4.45
-6.29
-4.35
-3.46
-2.91
-1.78
-1.09
0.26
-1.91
-1.39
-2.72
-4.56
-4.86
-5.29
-3.98
-3.03
-2.36
-0.69
0.49
0.71
-1.65
-2.4
-3.8
-5.74
-5.31
-5.35
-5.04
-3.04
-1.52
0.63
1.36
0.58
-1.37
-1.77
-1.97
-2.93
-5.53
-6.72
-4.22
-2.08
