0.6
1.12
NULL
NULL
2.55
6.93
8.03
5.61
7.05
6.55
5.79
4.53
4.56
3.05
NULL
3.22
3.28
3.26
5.21
5.74
4.29
3.82
2.94
2.53
2.04
2.02
0.48
-0.79
-0.62
0.2
1.82
0.79
0.56
0.46
-0.11
-1.21
-0.76
-1.42
-0.59
1.43
0.04
2.42
3.31
2.77
2.64
1.98
2.62
1.0
0.12
0.27
1.33
2.82
2.5
2.21
3.24
3.05
3.18
3.67
2.84
1.09
0.86
0.12
0.08
-0.17
0.42
2.81
3.68
3.37
1.63
0.56
-0.49
-0.53
-2.56
-4.38
-1.46
-1.44
-4.19
-3.13
0.32
-1.15
-2.95
-3.62
-4.25
-4.16
-4.17
-6.42
-4.95
-4.4
-5.23
-3.62
-2.61
-1.55
-3.09
-3.24
-3.31
-4.38
-5.26
-4.72
-4.9
-2.0
-2.1
-1.99
-4.26
-3.63
-6.29
NULL
-5.43
-6.86
-8.12
-6.91
NULL
-5.67
-6.3
-4.65
-3.11
-2.25
-2.16
-3.3
-1.22
-4.99
-2.88
NULL
-0.27
0.11
0.56
-0.47
NULL
-0.16
-1.65
-0.4
-2.33
NULL
-1.32
-3.91
-1.22
0.38
NULL
NULL
5.06
8.24
8.46
8.2
NULL
5.13
4.74
4.25
5.56
NULL
3.3
2.75
4.28
5.26
NULL
3.66
3.25
3.18
0.73
-0.18
NULL
1.44
-0.25
-0.74
NULL
NULL
2.31
3.76
-0.24
-0.26
NULL
1.49
1.0
1.43
0.86
NULL
NULL
2.06
0.53
-0.03
NULL
0.1
-0.03
-0.77
-0.98
NULL
NULL
NULL
NULL
NULL
NULL
NULL
NULL
NULL
NULL
NULL
-1.19
-0.42
NULL
NULL
1.39
0.42
2.81
1.92
1.73
1.55
0.54
0.58
1.07
1.4
0.46
1.38
2.53
2.59
2.22
1.34
3.01
1.44
1.17
1.23
9.49
7.64
7.83
9.12
8.73
11.62
11.66
10.08
9.53
8.63
7.98
5.78
7.12
6.95
6.64
6.93
7.45
6.78
7.55
6.23
7.57
7.81
4.81
5.64
5.46
5.85
