-2.96
-2.67
NULL
NULL
-0.58
0.64
0.7
0.41
-0.04
0.13
-0.28
-1.35
-2.25
-2.82
NULL
-1.22
-0.7
1.6
3.78
2.95
1.49
1.01
0.69
0.38
-0.61
-0.76
-0.01
0.32
1.41
2.76
2.96
1.68
1.56
0.6
0.58
0.42
-0.36
-1.92
-2.3
-1.12
0.99
1.1
0.78
-0.19
-0.77
-1.18
-2.07
-2.88
-2.77
-3.19
-3.14
-1.77
-0.15
0.95
1.45
0.52
0.45
-0.22
-0.85
-1.38
-2.03
-2.48
-1.93
0.02
0.89
2.86
2.09
0.94
-0.09
-0.18
-1.38
-1.95
-3.1
-3.33
-2.9
0.14
1.79
5.14
5.07
2.99
1.61
1.18
0.24
-0.26
-1.14
-1.79
-1.14
-0.45
-0.16
1.47
2.33
1.29
1.24
1.08
1.53
0.41
-0.49
-0.99
-1.01
2.58
3.4
3.51
3.31
1.85
1.41
NULL
-0.69
-1.24
-1.5
-2.18
NULL
-0.33
-0.48
0.05
-0.68
-1.45
-2.26
-2.24
-2.41
-3.17
-2.89
NULL
-3.24
-2.1
-0.95
0.29
NULL
-0.97
-2.13
-2.21
-2.93
NULL
-4.17
-4.19
-3.78
-2.25
NULL
NULL
2.26
1.27
1.29
1.61
NULL
-0.28
-1.85
-2.27
-2.17
NULL
0.05
1.36
1.49
1.21
NULL
1.06
0.84
1.87
0.9
0.64
NULL
1.64
1.08
1.44
NULL
NULL
1.5
0.28
0.16
-0.12
NULL
-2.07
-1.34
-1.31
0.8
NULL
NULL
0.88
1.23
-0.47
NULL
-1.8
-2.12
-2.76
-3.93
NULL
NULL
NULL
NULL
NULL
NULL
NULL
NULL
NULL
NULL
NULL
-3.06
-1.4
NULL
NULL
1.7
1.22
0.24
0.02
-0.9
-1.33
-2.43
-3.46
-3.47
-2.47
-2.05
-0.61
-0.67
-0.91
-0.97
-1.32
-1.72
-3.07
-4.05
-3.83
-3.63
-2.32
-1.05
-0.99
-1.48
-2.99
-2.97
-3.84
-4.63
-4.7
-4.81
-5.1
-4.11
-1.54
-1.19
0.01
0.46
-1.27
-1.76
-1.79
-2.24
-3.81
-4.01
-4.81
-5.98
-4.64
