-0.59
-0.52
NULL
NULL
0.02
-0.21
0.06
0.02
-0.2
-0.08
-0.02
-0.18
-0.3
-0.46
NULL
0.08
0.1
0.1
-0.25
-0.14
0.51
0.52
0.27
-0.04
0.39
0.0
-0.09
0.6
0.19
0.21
-0.31
0.22
0.42
0.26
0.44
0.5
-0.12
0.17
0.1
0.16
0.32
0.55
0.55
0.24
0.29
0.3
0.52
0.86
0.46
-0.01
0.2
0.17
0.31
0.09
-0.06
0.15
0.12
0.14
0.11
-0.07
-0.12
-0.03
-0.18
-0.37
-0.23
-0.43
-0.49
-0.24
-0.4
-0.31
-0.58
-0.16
-0.62
-0.74
-0.81
-0.4
-0.3
-0.65
-0.47
-0.32
-0.05
0.29
-0.04
-0.01
0.06
-0.2
-0.09
-0.06
-0.1
-0.05
-0.3
-0.36
-0.39
-0.11
-0.2
-0.44
-0.62
-0.49
-0.67
-0.47
-0.48
-0.93
-0.58
-0.46
-0.37
NULL
-0.41
-0.63
-0.57
-0.59
NULL
-0.44
-0.36
-0.38
-0.55
-0.69
-0.22
-0.29
-0.53
-0.54
-0.65
NULL
-0.88
-0.75
-1.09
-0.8
NULL
-0.73
-0.82
-0.54
-0.94
NULL
-1.01
-0.88
-0.86
-1.15
NULL
NULL
-1.14
-1.15
-1.38
-1.04
NULL
-0.69
-1.23
-1.37
-1.12
NULL
-1.12
-1.31
-1.0
-1.05
NULL
-1.17
-1.13
-0.98
-1.22
-1.26
NULL
-1.07
-1.08
-1.08
NULL
NULL
-1.58
-1.64
-1.44
-1.39
NULL
-1.46
-1.35
-1.34
-1.3
NULL
NULL
-1.42
-1.05
-0.97
NULL
-1.53
-1.88
-2.14
-2.03
NULL
NULL
NULL
NULL
NULL
NULL
NULL
NULL
NULL
NULL
NULL
-1.31
-1.54
NULL
NULL
-1.22
-1.11
-1.42
-1.64
-1.63
-1.9
-2.05
-1.94
-1.97
-2.14
-2.16
-2.35
-2.17
-2.05
-1.83
-2.19
-1.78
-2.26
-2.43
-2.5
-2.92
-3.27
-2.95
-2.28
-2.5
-3.06
-2.6
-1.88
-2.72
-2.56
-2.86
-3.15
-3.39
-3.01
-3.02
-2.78
-3.17
-2.6
-2.6
-3.01
-3.37
-3.42
-3.5
-3.62
-3.15
-2.85
