4.23
2.76
NULL
NULL
-6.07
-6.75
-8.3
-6.59
-3.07
0.42
3.04
4.4
5.33
2.49
NULL
-4.22
-6.06
-8.61
-9.94
-7.74
-3.01
0.45
4.39
5.81
6.85
3.11
-1.66
-3.38
-5.92
-7.68
-8.59
-5.55
-3.0
0.32
4.01
5.57
5.31
1.73
-1.8
-4.35
-6.64
-7.6
-8.17
-7.04
-4.34
-1.19
0.9
3.94
6.32
3.31
-1.25
-3.87
-7.13
-6.83
-8.3
-4.3
0.7
4.54
7.03
7.7
8.25
4.47
0.35
-2.17
-3.84
-5.65
-6.48
-4.49
-0.21
0.39
3.96
8.94
9.22
7.59
3.08
0.48
-2.33
-4.49
-6.68
-3.62
0.95
3.44
6.35
10.02
10.55
6.19
3.19
0.12
-1.69
-3.46
-3.87
-2.39
0.4
5.95
7.52
11.63
13.17
10.13
6.14
2.58
-0.3
-1.77
-2.78
-1.81
4.12
NULL
12.87
14.68
16.38
14.68
NULL
5.9
4.21
2.05
0.7
1.03
8.69
8.79
8.86
11.89
11.62
NULL
3.29
1.04
-1.41
-2.59
NULL
-1.96
4.69
7.63
9.29
NULL
10.01
6.28
2.84
0.1
NULL
NULL
-3.72
-2.39
1.7
3.96
NULL
8.91
11.71
8.08
4.54
NULL
-0.38
-1.87
-3.28
-1.87
NULL
5.39
5.38
7.18
8.87
8.27
NULL
-1.06
-3.82
-4.68
NULL
NULL
2.25
4.87
7.17
11.81
NULL
5.93
2.42
0.92
-0.95
NULL
NULL
-4.71
1.2
5.56
NULL
5.1
4.47
3.45
0.43
NULL
NULL
NULL
NULL
NULL
NULL
NULL
NULL
NULL
NULL
NULL
3.78
1.16
NULL
NULL
-5.05
-5.03
-2.99
-0.84
1.61
2.93
2.69
-1.04
-3.75
-6.61
-7.72
-8.72
-8.52
-7.56
-3.87
2.21
7.43
9.58
11.96
8.16
3.64
1.11
-1.56
-3.84
-5.31
-3.95
0.99
2.27
4.34
3.11
5.3
3.75
-0.38
-2.68
-5.24
-6.6
-7.91
-6.5
-4.53
-0.52
2.25
5.54
8.05
3.85
0.25
-2.5
