-7.5
-6.09
NULL
NULL
-1.07
1.58
2.91
0.54
-3.58
-3.25
-5.7
-7.21
-6.73
-7.42
NULL
-1.39
0.29
5.24
6.09
3.23
1.22
-0.4
-2.2
-3.28
-3.57
-4.25
-3.05
0.87
2.5
5.05
4.45
2.55
0.85
-1.79
-2.03
-3.83
-5.66
-4.43
-2.95
0.91
0.44
3.96
5.69
1.59
-0.51
-3.13
-4.11
-4.5
-6.71
-5.61
-5.1
-4.66
-0.81
3.62
4.07
1.49
-1.23
-2.76
-3.48
-6.05
-7.04
-5.59
-3.57
-2.8
1.85
7.53
6.45
3.84
1.13
-1.18
-2.43
-4.0
-4.85
-4.15
-3.73
1.63
5.4
9.01
10.05
6.31
3.78
1.73
-0.44
-2.14
-1.14
-3.57
-1.46
1.22
5.72
10.73
8.55
7.68
3.55
2.07
0.8
-1.37
-1.99
-0.44
-1.5
1.9
5.19
10.63
13.29
10.65
8.26
NULL
3.04
2.02
1.05
1.38
NULL
3.49
6.09
10.45
11.36
9.74
3.27
3.02
1.31
0.05
-1.2
NULL
1.25
3.79
7.51
9.98
NULL
8.07
5.3
2.08
2.39
NULL
0.35
1.02
-0.63
2.4
NULL
NULL
8.52
5.38
3.03
2.48
NULL
-1.46
-0.77
-1.67
0.3
NULL
2.19
6.54
8.67
5.99
NULL
0.29
-0.75
-2.65
-3.42
-3.33
NULL
-2.98
1.62
6.3
NULL
NULL
-0.61
-3.59
-2.89
-2.48
NULL
-4.23
-2.8
0.27
4.64
NULL
NULL
3.55
2.32
0.58
NULL
-0.62
-2.32
-3.02
-1.04
NULL
NULL
NULL
NULL
NULL
NULL
NULL
NULL
NULL
NULL
NULL
-0.7
1.41
NULL
NULL
12.73
8.56
6.98
3.44
1.52
1.25
-0.71
-1.02
0.69
2.17
8.08
12.11
13.59
11.29
8.48
4.67
3.52
1.99
2.16
2.41
2.21
6.41
10.64
14.0
14.83
9.82
7.69
6.44
4.43
2.98
1.91
1.6
3.0
5.21
9.42
15.68
13.38
10.56
8.31
6.14
6.03
2.71
5.1
3.85
4.57
8.41
