-0.67
-0.02
NULL
NULL
-1.82
-1.77
-1.65
-1.07
-1.7
-1.82
-1.73
-1.35
-2.06
-1.8
NULL
-2.28
-2.42
-3.07
-3.24
-2.66
-1.85
-2.02
-0.75
1.71
2.06
0.05
-0.72
-0.3
-1.36
-1.48
-1.67
-1.98
-1.28
-1.54
-1.83
-1.69
-1.29
-2.13
-3.0
-2.49
-3.48
-3.36
-3.53
-3.17
-1.49
1.15
3.98
5.64
5.16
3.43
3.06
2.61
1.49
1.67
1.15
1.16
0.48
1.05
0.14
-1.08
-0.88
-0.96
-2.12
-2.24
-1.79
-2.67
-1.83
-1.71
-0.57
1.0
3.39
3.1
2.23
0.82
0.01
0.2
-0.18
-1.57
-2.1
-0.92
-0.43
0.72
2.21
3.54
1.43
0.93
1.37
1.96
1.19
0.45
-0.16
0.82
0.42
2.02
2.28
2.31
4.0
3.6
2.28
2.12
1.55
0.45
0.34
0.8
1.03
NULL
4.36
3.91
3.86
3.88
NULL
2.93
2.67
1.63
1.84
1.19
2.34
2.46
2.83
2.28
1.92
NULL
-0.21
0.1
-0.65
-0.51
NULL
-1.45
-0.03
1.37
1.38
NULL
0.36
-0.25
-0.08
-0.92
NULL
NULL
-2.12
-1.39
-0.87
2.37
NULL
7.16
6.34
4.99
3.26
NULL
1.59
2.03
0.64
0.62
NULL
2.44
1.48
1.06
3.1
2.72
NULL
-0.71
-0.54
-0.91
NULL
NULL
-1.55
0.29
0.39
0.89
NULL
-0.85
-1.43
-0.21
-0.64
NULL
NULL
0.3
-0.13
4.04
NULL
6.06
4.93
4.5
4.39
NULL
NULL
NULL
NULL
NULL
NULL
NULL
NULL
NULL
NULL
NULL
1.5
2.47
NULL
NULL
0.34
-0.43
-0.66
0.11
-0.82
-0.83
-0.68
-1.61
-2.48
-2.5
-2.23
-2.06
-2.83
-3.13
-1.78
-0.97
-0.25
0.42
0.01
-0.52
-1.64
-1.79
-1.56
-1.5
-1.39
-1.41
-0.25
3.87
9.49
8.97
6.8
5.73
3.46
4.17
3.49
2.73
1.89
1.73
2.81
4.32
4.29
5.17
5.11
4.42
2.77
2.76
