-4.34
-3.21
NULL
NULL
-0.36
1.71
2.25
-0.89
-2.3
-2.22
-2.93
-4.25
-4.61
-4.96
NULL
-0.54
2.69
7.51
5.59
2.74
1.62
0.97
-1.44
-0.74
-2.18
-2.49
-2.22
0.21
3.28
4.84
2.9
0.56
-0.36
-1.74
-1.99
-2.94
-3.98
-3.67
-3.06
-0.45
2.52
4.6
3.15
0.67
-0.42
-1.59
-2.32
-3.26
-4.34
-5.39
-4.56
-3.03
0.9
3.64
3.85
1.03
-0.03
-1.61
-1.78
-2.74
-3.34
-3.03
-2.97
-2.06
3.79
6.59
4.04
2.28
0.96
-0.75
-1.27
-1.8
-3.08
-3.02
-3.53
0.23
4.98
7.27
5.65
3.44
1.93
1.0
-0.4
-1.98
-1.57
-3.49
-1.63
-2.04
2.06
7.06
4.23
3.58
2.06
0.63
0.42
-1.26
-2.55
-2.4
-1.89
0.39
4.98
9.07
8.73
7.09
5.2
NULL
1.57
0.83
0.26
-0.34
NULL
1.52
4.3
6.58
4.9
3.27
-0.18
0.52
0.12
-1.17
-2.41
NULL
-0.5
2.05
6.73
9.93
NULL
6.49
3.89
3.03
1.71
NULL
0.85
0.41
-0.42
2.07
NULL
NULL
7.29
5.02
3.68
2.76
NULL
1.23
0.37
0.57
0.67
NULL
4.84
7.42
7.03
4.08
NULL
1.54
-0.36
-0.12
-1.57
-1.58
NULL
0.17
6.35
9.85
NULL
NULL
3.18
3.25
2.44
1.88
NULL
-0.24
0.59
3.41
8.51
NULL
NULL
4.83
2.5
4.28
NULL
2.32
0.77
0.64
1.11
NULL
NULL
NULL
NULL
NULL
NULL
NULL
NULL
NULL
NULL
NULL
0.65
2.5
NULL
NULL
9.04
7.47
5.71
3.92
3.33
1.86
1.61
1.21
1.4
2.04
7.77
10.86
10.57
7.98
6.39
4.95
4.2
2.95
1.7
2.38
1.58
3.97
10.18
14.97
13.13
9.03
7.85
6.38
4.88
4.27
3.31
3.03
4.47
5.12
10.68
12.77
10.74
8.68
5.98
4.86
3.98
3.29
3.99
3.68
3.73
5.87
