7.75
10.96
NULL
NULL
0.18
-0.58
-0.79
1.68
5.22
6.73
4.04
1.8
3.86
6.08
NULL
2.73
0.15
-0.4
-0.88
0.13
3.59
2.76
1.8
2.29
4.6
3.34
-0.04
-2.22
-5.41
-5.75
-5.61
-2.06
-0.15
0.5
0.24
-1.21
-1.22
-1.13
-0.39
-4.97
-6.41
-5.6
-4.97
-5.14
-4.57
-5.23
-6.11
-2.93
-0.71
1.02
-3.22
-5.89
-6.28
-8.44
-9.24
-4.96
3.53
6.4
6.91
5.12
4.84
3.93
3.17
1.24
0.15
-1.47
0.19
1.07
2.43
2.94
4.89
4.64
7.01
4.62
3.4
0.96
-0.39
-1.01
-1.31
1.63
2.31
2.66
4.61
3.89
5.89
6.27
4.89
1.03
-0.54
-2.21
-3.71
0.11
3.27
5.71
5.11
8.46
10.07
9.49
5.86
2.76
0.38
-1.3
0.24
1.14
3.06
NULL
2.51
3.46
5.41
4.21
NULL
0.99
-0.74
-0.5
1.91
2.98
8.57
8.6
5.81
5.74
4.7
NULL
6.16
3.5
1.32
2.01
NULL
4.04
8.15
8.67
8.06
NULL
14.01
12.85
6.04
3.74
NULL
NULL
3.09
5.55
7.79
8.67
NULL
9.07
11.41
9.19
5.87
NULL
1.17
2.67
4.91
5.3
NULL
8.12
9.67
5.64
8.14
10.58
NULL
6.58
3.98
2.82
NULL
NULL
13.77
14.84
14.34
12.73
NULL
14.85
13.34
8.96
5.7
NULL
NULL
5.7
4.97
6.01
NULL
3.47
5.25
6.11
3.8
NULL
NULL
NULL
NULL
NULL
NULL
NULL
NULL
NULL
NULL
NULL
13.75
10.57
NULL
NULL
5.83
6.36
8.72
9.09
8.27
7.37
7.44
7.79
6.54
4.38
2.22
2.99
4.68
6.73
14.23
16.43
17.4
18.2
22.55
25.46
20.85
17.14
14.86
13.22
13.36
16.38
20.85
22.54
21.76
22.02
23.34
25.96
21.81
17.69
15.08
14.06
15.2
16.57
16.36
19.17
19.83
19.81
20.8
19.87
18.46
13.56
