-4.7
-5.78
NULL
NULL
1.94
5.71
7.6
6.34
1.91
-1.74
-3.71
-4.97
-5.14
-6.01
NULL
1.38
2.84
6.18
6.44
6.04
1.97
-0.7
-4.34
-6.1
-5.7
-4.62
-3.61
-0.68
1.05
2.93
5.39
5.58
1.18
-1.47
-3.54
-4.96
-5.85
-3.55
-2.6
0.15
1.13
5.06
7.59
4.55
1.77
-1.95
-3.14
-4.34
-5.82
-3.55
-1.24
-0.59
1.78
6.18
6.28
5.37
0.35
-3.03
-4.97
-8.33
-6.72
-5.01
-2.64
-1.25
2.34
4.69
7.42
6.01
2.93
-0.23
-2.6
-5.0
-3.9
-2.13
-0.77
1.68
3.32
5.87
7.4
4.32
1.64
-1.27
-3.08
-4.52
-3.95
-3.25
-0.48
0.45
3.51
6.99
7.64
7.07
1.86
-1.51
-3.2
-3.75
-4.96
-4.5
-1.17
0.5
3.52
5.32
7.15
7.66
3.55
NULL
-2.4
-5.07
-5.34
-4.89
NULL
-0.83
1.65
3.64
8.45
8.34
-0.24
-2.39
-3.75
-4.48
-6.36
NULL
-3.08
-0.28
1.61
5.1
NULL
5.02
2.61
-1.37
-3.6
NULL
-3.09
-2.65
-1.27
1.69
NULL
NULL
8.36
6.26
3.88
0.88
NULL
-3.83
-3.23
-1.37
0.74
NULL
4.36
6.35
10.18
8.93
NULL
0.75
-1.32
-3.64
-4.75
-5.13
NULL
-0.09
1.99
6.79
NULL
NULL
3.21
-1.72
-2.73
-3.59
NULL
-1.7
0.21
2.14
6.27
NULL
NULL
6.82
3.99
0.18
NULL
-4.96
-2.96
-2.35
0.4
NULL
NULL
NULL
NULL
NULL
NULL
NULL
NULL
NULL
NULL
NULL
0.68
2.11
NULL
NULL
8.09
7.39
4.29
-0.18
-2.26
-3.34
-2.02
-1.59
0.94
2.35
4.35
7.85
10.8
10.87
5.03
2.05
-1.09
-3.71
-3.22
-2.04
-0.12
2.49
3.14
5.78
9.36
7.57
3.45
0.62
-2.55
-4.27
-4.52
-2.94
-0.2
1.13
3.46
6.28
8.38
7.9
3.4
-0.75
-4.47
-4.99
-1.95
-0.91
0.59
4.39
