-0.02
-0.05
NULL
NULL
0.03
0.01
0.01
0.0
-0.03
-0.04
-0.02
-0.01
-0.02
-0.02
NULL
0.01
0.03
0.02
0.01
0.02
0.0
0.02
-0.02
-0.02
-0.03
-0.03
-0.03
0.03
-0.01
-0.01
0.0
0.01
-0.02
-0.01
-0.01
0.0
-0.02
-0.01
-0.01
-0.01
0.01
0.02
0.03
0.02
-0.01
-0.03
-0.02
0.02
0.01
-0.01
-0.03
0.01
0.03
0.01
0.03
0.02
-0.0
-0.03
-0.02
-0.01
-0.01
-0.02
0.01
0.01
0.02
-0.02
-0.0
0.02
-0.01
-0.02
-0.01
0.01
-0.02
0.01
-0.0
0.04
-0.01
-0.01
-0.0
0.03
0.02
-0.01
-0.01
0.01
-0.01
0.01
0.02
0.02
0.0
0.01
0.02
0.01
0.01
-0.03
-0.02
-0.02
-0.01
-0.02
-0.01
0.02
0.03
0.03
0.03
0.05
0.04
NULL
-0.01
0.01
0.04
0.0
NULL
0.03
-0.0
-0.01
0.04
0.05
0.01
-0.0
-0.01
0.03
0.04
NULL
0.04
0.03
0.05
0.04
NULL
0.04
-0.02
-0.0
0.01
NULL
0.02
0.02
0.01
0.04
NULL
NULL
0.03
0.06
0.0
-0.0
NULL
0.04
0.03
0.02
0.0
NULL
0.01
0.0
0.03
0.04
NULL
-0.03
-0.01
0.04
0.03
0.03
NULL
0.05
0.03
0.03
NULL
NULL
-0.01
-0.01
-0.0
0.04
NULL
-0.01
0.01
0.02
0.01
NULL
NULL
-0.0
-0.01
0.02
NULL
0.03
0.01
-0.01
-0.0
NULL
NULL
NULL
NULL
NULL
NULL
NULL
NULL
NULL
NULL
NULL
0.02
0.04
NULL
NULL
0.05
0.06
0.0
0.01
0.0
-0.01
0.01
0.02
0.02
0.0
0.0
0.01
0.04
0.03
0.03
-0.01
0.01
0.02
0.02
-0.01
0.01
0.0
0.03
0.04
0.02
0.01
0.02
0.03
-0.01
0.03
0.03
0.01
0.02
0.04
0.02
0.02
0.03
0.06
0.04
0.03
-0.04
-0.02
-0.03
0.02
0.03
0.04
