-6.85
-6.19
NULL
NULL
0.75
4.73
5.75
5.58
1.05
-0.11
-3.77
-5.53
-6.6
-6.68
NULL
0.04
4.56
8.28
9.71
7.68
3.79
1.95
-1.86
-3.79
-5.08
-5.16
-2.92
-0.13
2.99
6.2
6.93
5.77
1.79
-2.02
-3.51
-4.87
-6.72
-4.85
-3.36
-0.2
3.93
7.46
8.8
5.62
1.21
-1.16
-3.92
-5.06
-7.21
-6.05
-4.37
-1.34
2.07
5.07
7.85
6.47
1.93
-1.56
-3.89
-5.87
-7.4
-5.67
-4.35
-2.08
2.64
6.98
8.38
7.16
2.15
-0.06
-2.99
-4.4
-4.81
-3.02
-1.8
0.38
4.66
7.25
8.78
5.22
1.02
-0.78
-3.5
-5.52
-5.48
-4.78
-5.09
-1.89
1.38
4.61
6.52
5.38
-0.07
-2.39
-4.33
-5.76
-7.9
-6.52
-5.05
-2.33
1.56
6.66
7.8
6.78
2.71
NULL
-4.07
-5.74
-7.01
-7.36
NULL
-5.1
-1.36
2.44
4.93
4.99
-2.98
-4.17
-6.25
-7.95
-8.94
NULL
-6.72
-3.74
1.23
6.11
NULL
5.41
0.09
-1.91
-4.13
NULL
-6.84
-6.73
-4.54
-1.8
NULL
NULL
7.41
4.6
0.79
-1.05
NULL
-5.38
-6.01
-4.14
-2.4
NULL
3.66
7.64
8.95
6.39
NULL
-0.5
-2.25
-4.39
-5.07
-5.39
NULL
-2.49
-0.08
2.24
NULL
NULL
-1.4
-3.48
-6.19
-7.5
NULL
-7.28
-4.59
-1.06
3.51
NULL
NULL
2.26
2.35
-2.6
NULL
-6.59
-7.81
-7.08
-5.69
NULL
NULL
NULL
NULL
NULL
NULL
NULL
NULL
NULL
NULL
NULL
-4.52
-1.05
NULL
NULL
6.97
4.54
-0.69
-3.87
-5.79
-7.0
-8.98
-8.47
-5.88
-2.64
1.54
5.65
9.06
7.35
3.12
-1.04
-3.51
-5.6
-6.4
-6.36
-5.13
-1.18
3.72
8.23
9.61
6.8
2.32
-1.69
-3.9
-6.06
-6.84
-5.66
-4.39
-0.42
3.07
6.86
7.37
7.51
1.77
-1.36
-3.51
-5.59
-7.63
-5.34
-3.31
0.43
