-1.15
-1.04
NULL
NULL
2.06
2.44
2.5
1.13
-1.09
-0.46
-1.04
-1.78
-2.51
-2.51
NULL
0.3
2.71
4.4
3.44
1.8
1.34
1.07
-0.37
-0.8
-1.29
-1.95
-1.69
0.2
1.44
2.62
1.1
0.55
0.17
-1.04
-0.88
-1.21
-2.63
-2.04
-2.09
-0.39
1.84
4.12
3.6
1.4
0.27
-0.09
-0.84
-0.48
-1.82
-2.38
-2.26
-0.89
1.15
2.76
2.15
1.64
0.33
-0.66
-0.41
-1.5
-2.5
-2.06
-2.22
-0.8
2.84
4.34
2.96
1.8
0.15
0.22
-0.41
-0.74
-2.08
-1.96
-2.01
-0.21
1.98
3.44
2.93
1.39
0.65
0.27
-1.09
-1.77
-1.48
-2.59
-2.11
-1.34
1.29
2.44
1.08
-0.04
-1.11
-1.37
-1.66
-2.07
-3.39
-2.62
-2.61
-0.43
2.58
3.72
3.85
2.9
1.59
NULL
0.12
-0.92
-1.28
-1.4
NULL
-0.76
1.56
2.96
2.55
1.72
-0.09
-0.45
-1.29
-1.89
-1.68
NULL
-1.44
0.26
3.86
6.0
NULL
3.0
1.82
1.32
0.83
NULL
-0.77
-1.13
-1.13
-0.23
NULL
NULL
3.4
2.18
0.86
0.73
NULL
-0.38
-1.24
-1.1
-1.22
NULL
2.92
4.39
3.98
2.7
NULL
0.85
0.09
-0.17
-0.54
-0.48
NULL
-0.11
1.58
3.17
NULL
NULL
0.32
-0.8
-0.59
-1.49
NULL
-2.23
-1.04
0.96
3.43
NULL
NULL
1.63
1.16
0.58
NULL
-0.49
-1.68
-2.16
-1.51
NULL
NULL
NULL
NULL
NULL
NULL
NULL
NULL
NULL
NULL
NULL
-0.78
0.79
NULL
NULL
4.26
3.14
1.17
0.45
-0.29
-0.65
-1.55
-1.69
-0.68
0.48
3.54
6.07
6.25
4.52
3.84
2.69
2.58
1.51
0.96
0.07
-0.3
1.47
6.8
9.63
8.67
6.17
5.69
4.83
3.79
2.74
2.18
1.88
1.73
3.64
6.36
7.95
6.3
6.04
4.2
3.45
3.33
2.24
1.34
1.64
2.05
3.58
