-0.11
-0.27
NULL
NULL
0.81
0.44
0.36
0.01
-0.6
-0.79
-0.4
-0.44
0.05
-0.01
NULL
0.69
0.33
0.1
0.11
-0.45
-0.73
-0.45
-0.49
-0.39
0.08
-0.27
0.22
0.74
0.78
0.42
-0.3
-0.48
-0.22
-0.29
-0.35
-0.4
-0.55
-0.04
0.07
0.23
0.49
0.19
-0.08
-0.41
-0.62
-0.46
-0.41
-0.16
-0.04
0.3
0.77
0.48
0.3
0.07
0.3
-0.12
-0.6
-0.54
-0.05
-0.7
-0.15
0.16
0.42
-0.04
0.51
0.56
0.15
-0.41
-0.32
-0.45
-0.14
0.1
-0.13
0.64
0.84
0.73
1.09
0.41
-0.2
-0.22
-0.15
0.13
-0.58
-0.13
0.05
0.36
0.25
0.37
0.27
0.12
-0.22
-0.41
-0.64
-0.79
-0.47
-0.05
0.09
0.44
0.59
0.78
0.51
0.17
0.05
-0.05
-0.86
NULL
-0.2
-0.15
-0.1
0.42
NULL
0.52
0.91
0.82
0.47
0.09
-0.7
-0.47
0.05
-0.69
-0.51
NULL
0.59
0.99
1.37
0.9
NULL
-0.1
-0.23
-0.66
-0.19
NULL
-0.28
0.12
0.45
0.72
NULL
NULL
0.28
0.04
-0.45
-0.51
NULL
0.21
0.1
0.15
0.68
NULL
0.9
0.92
0.52
-0.39
NULL
-0.1
0.12
-0.22
0.11
0.25
NULL
0.18
1.19
0.89
NULL
NULL
-0.34
0.41
-0.27
-0.17
NULL
-0.02
0.41
0.67
0.62
NULL
NULL
0.04
-0.51
-0.45
NULL
0.08
0.5
0.91
1.05
NULL
NULL
NULL
NULL
NULL
NULL
NULL
NULL
NULL
NULL
NULL
1.01
1.25
NULL
NULL
0.18
-0.28
-0.1
-0.11
-0.4
0.06
0.42
0.31
0.79
0.86
1.51
1.17
0.73
-0.1
0.29
-0.14
0.13
0.42
0.49
0.19
0.82
1.33
1.4
0.91
0.92
0.46
-0.14
0.07
0.17
0.59
0.14
0.92
0.85
1.25
1.43
1.59
0.86
-0.07
-0.23
0.44
0.46
0.31
0.94
0.74
1.17
1.27
