-7.74
-8.99
NULL
NULL
2.91
3.83
6.38
3.17
-1.56
-2.55
-6.09
-8.22
-8.76
-9.81
NULL
-0.68
1.48
6.75
7.72
5.79
2.64
-0.67
-5.02
-6.47
-6.5
-5.04
-2.79
-1.42
1.41
6.22
7.2
5.31
1.0
-2.22
-5.17
-5.82
-5.35
-4.15
-1.54
0.04
3.61
5.27
7.23
4.66
0.18
-2.99
-4.58
-5.35
-6.11
-4.64
-1.83
0.78
1.41
3.5
7.95
4.02
-1.39
-5.63
-7.83
-10.37
-8.17
-6.09
-4.78
-3.24
2.69
7.27
8.98
6.91
2.48
-0.76
-4.03
-5.18
-6.08
-4.47
-2.59
1.14
6.77
10.13
11.23
7.32
2.95
0.5
-2.74
-3.08
-3.32
-1.22
-0.95
2.22
4.95
7.17
7.48
6.92
2.69
-1.38
-2.15
-2.81
-4.97
-3.14
0.57
3.83
4.98
10.73
12.87
13.52
8.26
NULL
1.48
0.78
-1.06
-0.32
NULL
4.85
6.4
9.54
11.67
12.37
3.17
0.46
-2.54
-3.13
-3.47
NULL
2.53
7.69
8.06
11.02
NULL
10.72
7.41
4.87
-1.16
NULL
-1.11
0.13
5.24
3.95
NULL
NULL
11.66
8.58
3.62
0.51
NULL
-1.55
-3.04
0.15
2.87
NULL
7.59
11.33
11.96
9.27
NULL
0.63
-1.85
-1.71
-0.72
-1.25
NULL
2.2
3.04
4.85
NULL
NULL
2.41
0.45
-2.0
-7.31
NULL
-4.62
-0.42
0.85
4.46
NULL
NULL
3.79
3.77
-0.18
NULL
-5.73
-5.02
-4.12
1.49
NULL
NULL
NULL
NULL
NULL
NULL
NULL
NULL
NULL
NULL
NULL
0.62
7.26
NULL
NULL
13.68
12.92
5.98
2.9
0.48
-2.1
-1.59
0.04
1.88
4.57
6.41
11.71
16.19
13.59
8.51
3.14
0.38
0.08
-0.57
0.17
4.28
5.0
4.1
9.19
11.91
8.1
4.53
0.07
-2.18
-2.94
-3.39
-3.28
-0.73
2.73
6.86
12.04
14.13
11.34
5.69
0.73
-3.67
-4.17
-4.05
-0.98
1.51
3.37
