4.44
4.39
NULL
NULL
-3.14
-2.87
-1.17
2.75
4.31
5.01
3.38
3.0
3.74
3.97
NULL
0.42
-0.96
-1.22
-1.86
0.67
3.92
3.15
2.01
1.34
2.33
0.77
-2.04
-3.48
-4.7
-3.97
-3.29
0.33
2.1
1.37
1.01
0.58
0.03
0.07
-2.13
-3.6
-4.36
-4.6
-3.4
-0.96
-1.29
-0.86
-1.41
-0.11
-0.26
-0.62
-2.39
-4.39
-5.5
-5.53
-4.17
0.67
3.47
3.59
2.88
1.82
1.39
1.34
-0.08
-1.44
-1.47
-2.16
-0.07
2.87
4.5
3.19
3.24
3.82
4.56
2.71
1.29
-0.89
-1.3
-2.29
-1.83
1.33
2.17
2.3
2.91
3.24
3.27
3.36
1.0
-0.43
-1.86
-2.43
-1.32
1.17
3.47
4.94
4.31
5.39
5.45
5.11
2.62
0.3
-0.7
-1.86
-1.55
0.77
1.71
NULL
1.51
1.01
1.05
-0.36
NULL
-4.22
-4.64
-4.52
-1.62
-0.27
2.96
2.88
1.07
0.97
1.23
NULL
-0.87
-2.02
-3.28
-2.55
NULL
1.67
3.24
4.12
3.45
NULL
4.99
3.65
1.21
-0.39
NULL
NULL
-1.25
0.68
2.17
3.24
NULL
3.35
4.45
4.58
3.31
NULL
-0.62
-0.45
0.81
2.54
NULL
3.23
2.33
2.45
5.03
5.1
NULL
-0.36
-1.08
-2.64
NULL
NULL
4.6
4.77
4.13
4.1
NULL
5.69
3.33
2.0
0.1
NULL
NULL
0.62
2.87
2.81
NULL
0.82
1.33
1.45
0.17
NULL
NULL
NULL
NULL
NULL
NULL
NULL
NULL
NULL
NULL
NULL
4.37
3.33
NULL
NULL
2.8
2.95
4.61
5.43
5.28
5.08
4.91
3.85
1.77
0.48
0.15
0.45
2.79
4.56
8.31
8.28
8.51
9.35
9.93
9.77
6.56
4.11
2.89
4.07
4.92
6.75
8.74
9.17
8.02
7.32
8.66
9.55
4.92
3.58
2.35
2.04
2.86
5.23
6.24
6.3
4.8
5.45
5.36
7.75
4.09
2.07
