-0.46
-0.49
NULL
NULL
-0.01
0.25
0.54
0.19
-0.44
-0.08
-0.15
-0.32
-0.24
-0.14
NULL
0.2
0.52
0.94
0.46
-0.29
-0.08
0.1
-0.33
-0.68
-0.12
-0.76
-0.79
-0.3
-0.18
0.02
-0.26
-0.08
-0.28
-0.37
-0.12
-0.27
-0.38
-0.03
-0.18
0.01
0.21
0.52
0.3
-0.14
-0.22
-0.38
-0.29
-0.12
-0.08
-0.32
-0.48
-0.44
0.13
0.66
0.39
0.25
0.32
0.04
0.44
0.22
0.3
0.13
-0.07
0.17
0.88
0.7
0.69
0.5
0.12
0.34
0.05
0.17
-0.03
-0.37
-0.18
0.24
0.71
0.5
0.19
0.44
0.2
0.11
0.07
-0.12
-0.24
-0.66
-0.47
-0.36
0.14
0.22
-0.04
-0.09
-0.21
-0.19
-0.22
0.03
0.05
0.08
-0.14
0.29
0.73
0.94
0.94
0.75
0.46
NULL
-0.03
0.15
-0.05
0.02
NULL
0.17
0.66
0.99
0.64
0.22
0.16
-0.01
0.14
-0.44
-0.37
NULL
-0.77
-0.24
0.42
0.6
NULL
0.09
-0.38
-0.46
-0.52
NULL
-0.6
-0.63
-0.59
-0.12
NULL
NULL
0.71
0.73
0.25
0.31
NULL
0.54
0.23
0.54
0.34
NULL
0.93
1.24
1.63
1.3
NULL
0.65
0.88
0.52
-0.13
0.01
NULL
0.24
0.66
0.62
NULL
NULL
0.43
0.35
-0.44
0.15
NULL
0.02
0.32
0.47
1.14
NULL
NULL
1.03
0.6
0.76
NULL
0.36
-0.14
-0.21
-0.01
NULL
NULL
NULL
NULL
NULL
NULL
NULL
NULL
NULL
NULL
NULL
0.28
0.63
NULL
NULL
1.18
0.92
0.33
0.07
0.2
0.12
0.24
0.13
0.48
0.59
1.01
1.04
1.43
1.05
1.14
0.97
1.26
1.31
1.34
1.1
0.98
0.83
1.79
2.42
1.85
1.59
1.51
1.79
0.82
1.19
0.93
1.27
0.94
1.23
1.84
1.67
1.94
1.6
1.56
1.05
1.09
1.27
0.63
0.54
0.72
1.38
