0.39
0.33
NULL
NULL
1.2
0.66
1.36
1.3
0.52
0.83
0.68
0.52
0.38
0.18
NULL
0.91
0.83
0.94
0.53
0.52
1.27
1.29
0.87
0.34
0.94
0.22
-0.07
0.74
0.21
0.17
-0.38
0.57
0.46
0.29
0.97
0.84
-0.03
0.52
0.23
0.2
0.35
0.62
0.76
0.41
0.26
0.26
0.45
1.18
0.6
-0.43
-0.13
-0.16
-0.09
-0.23
-0.22
0.22
0.1
0.29
0.49
-0.04
-0.05
0.15
0.07
-0.26
0.14
-0.33
-0.11
0.22
0.16
0.36
0.18
0.58
0.03
-0.28
-0.42
-0.06
0.09
-0.48
-0.66
-0.77
-0.27
-0.28
-0.8
-0.7
-0.78
-1.25
-1.23
-0.94
-0.92
-0.81
-1.22
-1.15
-1.24
-0.72
-0.91
-1.26
-1.44
-1.12
-1.51
-1.21
-1.48
-1.95
-1.49
-1.42
-1.24
NULL
-1.48
-1.76
-1.56
-1.66
NULL
-1.62
-1.34
-1.51
-1.71
-1.71
-1.25
-1.53
-1.56
-1.45
-1.88
NULL
-2.34
-2.1
-2.37
-1.98
NULL
-2.27
-2.29
-1.81
-2.28
NULL
-2.25
-2.15
-1.86
-2.34
NULL
NULL
-2.48
-2.23
-2.46
-2.04
NULL
-1.44
-2.43
-2.15
-1.96
NULL
-1.76
-1.94
-1.24
-1.48
NULL
-1.93
-1.77
-2.15
-2.17
-2.15
NULL
-1.82
-1.56
-1.83
NULL
NULL
-2.29
-2.49
-2.1
-1.77
NULL
-2.03
-1.77
-1.45
-1.82
NULL
NULL
-2.05
-1.42
-1.24
NULL
-2.12
-2.69
-2.91
-3.04
NULL
NULL
NULL
NULL
NULL
NULL
NULL
NULL
NULL
NULL
NULL
-2.05
-2.45
NULL
NULL
-1.6
-1.55
-2.1
-2.29
-2.02
-2.17
-2.55
-2.29
-2.38
-2.52
-2.61
-2.57
-2.17
-2.18
-1.62
-2.0
-1.32
-1.77
-2.12
-2.27
-2.9
-3.22
-2.77
-1.75
-2.05
-2.68
-2.01
-1.05
-1.91
-1.85
-2.11
-2.69
-3.11
-2.49
-2.52
-1.99
-2.56
-1.57
-1.55
-2.25
-2.56
-2.56
-3.1
-3.19
-2.42
-2.16
