-0.86
-0.65
NULL
NULL
-0.42
0.28
1.28
2.21
1.84
0.82
0.04
0.38
0.65
0.51
NULL
0.34
0.23
0.34
0.91
1.39
1.26
0.49
-0.09
-0.75
-0.72
-0.19
-0.48
-0.53
-1.07
-0.94
-0.11
1.12
0.67
-0.24
-0.78
-0.77
-0.53
-0.53
-0.84
-0.96
-1.4
-1.19
0.18
0.91
0.46
-0.08
0.01
-0.04
-0.02
0.21
0.34
-0.36
-0.82
-0.37
0.15
0.74
0.29
-0.57
-1.1
-1.55
-1.04
-0.28
-0.21
-0.52
-0.9
-0.68
1.03
1.8
1.48
0.35
-0.14
-0.29
0.27
0.88
0.67
0.12
-0.23
-0.43
0.75
0.94
0.82
-0.01
0.23
0.52
0.33
0.88
1.18
0.51
0.1
0.02
0.95
1.67
0.72
-0.16
-0.51
-0.24
-0.24
-0.54
-0.17
-0.44
-0.92
-0.94
-0.12
0.89
0.15
NULL
-0.55
-1.05
-0.73
-0.98
NULL
-0.89
-1.2
-1.84
-0.07
0.94
-0.07
-0.94
-1.11
-1.26
-1.22
NULL
-0.38
-0.92
-1.45
-1.67
NULL
1.11
1.05
-0.14
-0.6
NULL
0.36
0.4
0.33
-0.17
NULL
NULL
0.07
1.02
0.81
-0.14
NULL
-0.76
0.06
1.03
1.12
NULL
-0.22
-0.78
0.73
1.8
NULL
0.23
-0.55
0.21
-0.21
-0.58
NULL
-0.25
-1.36
-0.91
NULL
NULL
0.42
-0.46
-1.93
-0.63
NULL
0.17
0.17
-0.18
-0.21
NULL
NULL
0.78
0.99
-0.07
NULL
-0.02
0.3
0.58
0.66
NULL
NULL
NULL
NULL
NULL
NULL
NULL
NULL
NULL
NULL
NULL
1.36
1.23
NULL
NULL
1.75
2.44
2.27
1.05
0.79
0.67
1.46
1.94
2.08
1.5
0.91
0.95
2.47
3.59
2.29
1.66
1.04
0.47
0.76
1.05
1.49
0.95
0.4
0.99
1.8
2.68
2.1
1.72
0.95
0.92
1.27
1.92
1.59
1.3
0.84
0.65
1.75
2.61
2.52
1.23
-0.44
0.94
1.15
1.98
2.27
2.3
