-3.13
-3.21
NULL
NULL
1.12
1.73
1.66
-0.26
-2.05
-1.18
-3.13
-3.56
-3.43
-2.96
NULL
0.34
2.87
3.97
1.63
-0.58
-0.62
-1.85
-3.4
-4.61
-2.72
-3.65
-3.67
-0.99
0.74
0.99
0.72
0.25
-1.43
-3.17
-3.21
-3.7
-4.49
-0.95
-1.36
0.67
1.92
3.67
2.71
1.13
-1.33
-2.47
-3.11
-3.28
-2.76
-2.39
-2.02
-0.39
2.94
4.0
3.48
3.43
2.04
0.05
-0.58
-1.73
-1.43
-0.81
0.48
2.77
5.13
6.07
4.93
3.28
0.4
-0.26
-1.52
-1.94
-2.17
-1.35
-0.06
1.67
4.19
4.27
3.73
3.97
1.61
0.55
-1.07
-1.52
-1.92
-2.16
-2.22
-0.05
1.88
2.34
2.34
0.69
-1.31
-1.82
-2.36
-1.78
-1.76
-0.22
-0.33
2.05
4.12
5.73
4.58
2.75
1.76
NULL
-1.95
-3.01
-2.62
-1.57
NULL
0.85
3.31
5.03
3.92
3.35
0.43
-0.28
-1.54
-2.79
-2.94
NULL
-1.03
1.34
4.06
6.24
NULL
4.33
0.52
0.46
-1.4
NULL
-0.23
-0.29
0.88
2.18
NULL
NULL
5.94
4.85
1.78
1.18
NULL
0.26
-0.71
0.49
0.89
NULL
4.85
6.51
8.24
5.94
NULL
1.04
0.23
-1.24
-0.5
-0.33
NULL
2.13
3.63
4.69
NULL
NULL
1.71
0.83
0.04
-1.22
NULL
1.69
2.12
4.3
6.56
NULL
NULL
4.48
2.01
1.08
NULL
0.3
-0.82
-0.87
1.12
NULL
NULL
NULL
NULL
NULL
NULL
NULL
NULL
NULL
NULL
NULL
4.12
4.95
NULL
NULL
7.05
5.43
2.7
0.86
-0.71
-0.38
-1.34
0.17
1.76
3.92
6.54
8.86
9.63
8.07
7.95
5.11
3.52
3.17
3.45
5.03
4.67
7.24
11.45
13.45
10.98
8.94
6.77
5.12
3.43
3.17
2.12
5.76
5.18
7.54
9.54
11.24
10.57
8.23
5.34
4.21
3.77
3.09
2.6
2.93
2.98
5.43
