0.26
-0.14
NULL
NULL
-0.18
-0.06
0.03
0.22
0.19
0.06
0.26
0.3
0.07
-0.65
NULL
-0.1
0.51
0.23
0.36
0.25
0.56
0.56
0.31
0.64
0.39
-0.14
-0.26
0.47
0.01
0.16
0.14
0.23
-0.3
-0.33
0.38
0.54
0.06
-0.02
-0.15
-0.49
0.1
-0.22
0.55
0.02
-0.39
0.06
0.16
0.47
0.27
0.2
-0.5
-0.34
-0.29
-0.43
-0.04
0.66
0.28
0.05
0.48
0.23
-0.35
-0.75
-0.24
-0.14
-0.61
-0.83
-0.39
-0.58
0.42
-0.01
0.14
0.14
-0.09
-0.45
-0.38
-0.38
0.06
0.18
0.19
0.6
0.51
-0.06
0.43
0.21
-0.24
-0.54
-0.31
-0.42
0.13
-0.06
-0.04
0.24
0.11
0.1
0.1
0.32
-0.17
-0.07
-0.5
0.25
0.55
0.04
0.27
0.72
0.8
NULL
0.44
0.24
-0.11
-0.35
NULL
0.37
-0.15
0.02
0.64
0.81
0.36
0.52
0.3
0.19
0.31
NULL
0.3
0.52
0.44
0.46
NULL
-0.27
-0.04
0.12
0.19
NULL
0.06
-0.31
-0.5
0.2
NULL
NULL
-0.32
-0.05
0.29
-0.14
NULL
0.28
0.24
-0.52
-0.06
NULL
-0.11
-0.64
-0.25
-0.12
NULL
0.06
0.3
0.35
0.23
0.21
NULL
0.24
0.56
0.44
NULL
NULL
0.58
0.89
0.8
0.7
NULL
-0.19
0.24
0.5
-0.08
NULL
NULL
0.14
0.16
0.38
NULL
0.65
0.08
0.17
0.27
NULL
NULL
NULL
NULL
NULL
NULL
NULL
NULL
NULL
NULL
NULL
0.64
0.28
NULL
NULL
0.45
1.01
0.55
0.68
0.71
0.9
0.38
0.01
0.69
0.04
0.18
0.73
0.93
0.23
0.25
0.65
0.97
0.93
0.2
-0.25
-0.0
-0.05
0.53
0.21
0.35
0.45
0.86
1.2
1.18
0.76
0.36
0.52
0.61
0.54
0.03
0.38
0.7
1.17
0.66
0.48
1.06
0.86
0.97
0.62
0.49
0.73
