-0.21
0.65
NULL
NULL
-5.02
-2.4
0.1
5.3
7.23
4.17
1.54
3.12
4.09
2.73
NULL
0.46
-2.97
-3.15
-0.14
3.37
5.17
3.11
1.79
1.32
0.37
0.84
-2.2
-3.77
-7.36
-7.24
-4.39
1.73
1.9
-0.39
-2.06
-1.51
-0.43
-1.1
-3.4
-5.59
-8.97
-8.67
-3.4
1.68
1.78
0.18
1.29
1.54
1.42
1.61
0.39
-3.51
-6.75
-5.65
-3.74
1.0
3.0
0.52
-0.88
-1.68
0.01
2.88
1.33
-2.69
-5.37
-5.54
1.1
5.81
6.57
3.58
2.04
1.28
2.74
4.8
2.88
-0.95
-3.78
-4.66
-0.44
4.36
4.58
2.66
4.25
5.3
4.6
6.24
5.31
1.49
-1.08
-2.76
0.03
5.41
5.25
2.61
1.08
1.45
2.32
0.02
-0.7
-3.79
-6.61
-8.0
-4.24
0.99
1.58
NULL
-0.25
-1.61
-0.15
-1.04
NULL
-4.96
-7.69
-11.03
-3.37
0.89
0.97
-2.11
-2.48
-0.91
-1.75
NULL
-0.27
-4.51
-8.09
-9.39
NULL
1.96
4.41
1.49
0.68
NULL
2.27
3.29
0.15
-3.1
NULL
NULL
-5.4
0.36
1.93
-0.83
NULL
-2.1
1.72
5.91
4.24
NULL
-5.05
-7.46
-2.84
3.4
NULL
1.23
-2.02
1.81
0.18
-0.26
NULL
-3.41
-8.81
-7.95
NULL
NULL
2.8
-1.21
-4.1
-0.84
NULL
2.98
1.27
-2.29
-4.39
NULL
NULL
0.92
3.01
1.42
NULL
2.46
3.12
3.7
2.53
NULL
NULL
NULL
NULL
NULL
NULL
NULL
NULL
NULL
NULL
NULL
5.27
3.04
NULL
NULL
3.41
6.82
9.01
5.96
5.26
4.79
7.17
8.24
6.7
2.83
-1.19
-1.5
6.17
11.82
10.47
8.15
5.53
4.54
5.03
5.62
5.51
1.83
-1.82
-2.27
0.96
8.31
9.14
7.71
5.97
5.45
7.35
8.89
6.25
2.41
0.09
-1.3
2.43
7.19
8.42
4.91
-0.33
3.18
5.92
7.87
7.11
5.28
