-4.83
-4.37
NULL
NULL
-1.28
0.69
0.06
-0.21
-1.78
-3.05
-3.11
-3.76
-4.25
-4.26
NULL
-0.96
1.38
4.25
4.11
2.79
1.14
0.43
-1.39
-1.56
-2.78
-2.69
-1.82
-0.92
1.28
3.06
2.68
1.45
-0.09
-1.27
-1.59
-2.36
-2.56
-2.65
-1.76
-0.5
2.62
3.85
4.74
3.2
1.21
0.15
-0.66
-1.03
-2.21
-2.25
-1.49
-0.44
1.2
3.29
3.08
1.6
0.11
-1.23
-1.61
-1.89
-2.85
-2.96
-2.15
-1.92
0.98
2.85
2.32
1.95
0.53
-1.16
-2.15
-2.69
-3.22
-3.03
-2.67
-0.5
1.46
3.55
3.62
2.9
1.39
-0.05
-2.15
-2.38
-2.21
-2.5
-1.16
-0.43
2.44
5.65
4.28
3.5
1.54
0.37
-0.09
-1.02
-1.48
-1.09
-1.24
1.64
3.92
6.4
7.27
4.34
4.15
NULL
0.75
0.56
-0.65
-1.01
NULL
1.14
2.85
4.36
4.18
3.3
0.5
0.8
0.14
-0.68
-1.59
NULL
-0.41
2.0
3.65
6.45
NULL
5.25
3.64
2.44
0.82
NULL
0.55
0.26
0.25
1.71
NULL
NULL
6.14
5.25
2.89
2.37
NULL
1.2
-0.13
0.01
1.6
NULL
3.27
4.69
5.38
3.69
NULL
1.37
0.06
0.0
-0.46
-0.31
NULL
0.87
4.27
6.57
NULL
NULL
2.82
3.37
1.54
1.34
NULL
-0.35
0.89
1.41
5.29
NULL
NULL
3.17
2.51
2.12
NULL
1.07
0.46
0.14
1.1
NULL
NULL
NULL
NULL
NULL
NULL
NULL
NULL
NULL
NULL
NULL
0.88
1.49
NULL
NULL
5.8
4.37
3.15
1.71
1.15
1.28
0.94
-0.48
-0.62
1.26
3.48
6.54
5.99
4.31
3.0
2.35
1.26
0.26
-0.22
-0.22
-0.03
2.51
5.25
7.96
7.91
5.52
3.41
2.65
2.0
1.17
0.35
0.26
1.22
1.62
4.5
6.32
5.83
5.48
3.9
3.39
1.61
0.02
0.73
0.72
2.1
3.89
