-9.34
-7.39
NULL
NULL
-4.32
-0.42
1.37
-0.6
-5.51
-4.55
-6.85
-9.54
-8.5
-8.2
NULL
-2.53
-2.68
2.98
4.2
3.17
0.71
-1.59
-4.08
-4.61
-4.69
-4.37
-2.84
-0.24
-0.02
3.9
7.6
4.45
2.23
-2.27
-3.69
-4.64
-5.33
-4.6
-2.18
0.06
-0.43
1.71
5.08
2.63
0.07
-4.08
-5.24
-6.67
-7.75
-6.4
-4.3
-4.2
-4.13
-0.97
2.68
-0.31
-4.05
-7.0
-8.37
-10.2
-9.51
-6.76
-4.91
-5.09
-0.13
5.4
6.98
5.51
3.02
-0.58
-2.47
-4.48
-4.36
-2.65
-2.17
2.75
7.62
10.51
12.52
10.36
6.55
3.4
1.77
-0.29
2.29
0.23
3.22
4.08
7.69
11.04
9.36
11.5
6.44
4.2
3.98
0.8
0.49
2.36
3.19
6.27
6.95
12.95
16.82
17.57
14.17
NULL
8.22
6.72
6.85
4.53
NULL
11.26
11.23
14.37
18.4
16.62
8.24
8.69
6.61
3.9
1.94
NULL
9.04
11.9
10.65
12.52
NULL
14.71
11.09
7.98
4.23
NULL
5.02
4.22
3.94
6.53
NULL
NULL
9.78
8.49
4.76
3.52
NULL
0.96
-0.05
-0.32
4.13
NULL
3.46
7.55
10.22
7.48
NULL
1.47
-1.16
-2.47
-4.18
-3.31
NULL
-1.93
0.59
1.3
NULL
NULL
-3.02
-5.14
-7.44
-4.04
NULL
-6.5
-3.98
-2.11
-0.03
NULL
NULL
0.28
1.51
0.72
NULL
-3.62
-3.64
-4.27
-0.55
NULL
NULL
NULL
NULL
NULL
NULL
NULL
NULL
NULL
NULL
NULL
0.15
2.98
NULL
NULL
12.89
9.24
8.17
2.09
1.64
-0.2
1.27
0.6
2.72
1.77
6.17
9.98
15.4
15.25
10.31
6.68
4.26
3.11
1.97
4.82
5.56
7.56
7.45
8.37
12.43
7.73
5.71
4.05
1.74
1.42
0.08
0.16
3.48
4.65
7.62
14.58
16.61
13.68
8.02
5.21
3.59
2.31
4.79
6.15
7.22
10.37
