-8.4
-7.28
NULL
NULL
-1.24
3.59
1.85
1.04
-2.41
-5.43
-5.69
-7.22
-8.22
-8.58
NULL
-1.61
3.4
9.11
8.31
5.66
1.99
0.65
-2.45
-3.12
-5.5
-5.77
-3.75
-1.47
3.17
7.22
6.72
3.53
0.45
-1.89
-2.9
-4.52
-5.22
-6.06
-3.86
-0.76
5.0
8.14
9.65
5.86
2.2
0.24
-1.49
-2.91
-5.39
-5.29
-3.52
-1.32
2.77
7.17
6.53
3.44
0.22
-2.34
-2.88
-3.78
-6.06
-6.41
-5.08
-4.03
2.36
6.6
5.57
3.97
0.95
-2.21
-4.26
-5.78
-6.65
-6.32
-5.69
-0.83
3.21
7.95
8.1
5.72
2.29
-0.46
-4.21
-4.88
-4.76
-6.07
-3.54
-1.93
5.38
11.72
9.07
7.12
2.44
0.53
-0.9
-3.06
-4.27
-3.73
-4.22
1.76
6.63
11.47
12.78
6.85
6.25
NULL
0.31
-0.53
-2.75
-3.81
NULL
1.11
5.1
8.91
8.42
6.16
0.46
1.23
-0.23
-2.42
-4.19
NULL
-2.28
2.36
6.42
11.82
NULL
9.64
6.16
3.48
0.62
NULL
-0.72
-1.85
-2.43
1.95
NULL
NULL
11.05
9.01
4.37
3.2
NULL
0.25
-2.1
-2.19
1.0
NULL
4.36
8.16
9.37
5.93
NULL
0.89
-1.25
-2.44
-3.87
-3.26
NULL
-0.66
6.86
11.74
NULL
NULL
3.63
4.04
0.47
1.43
NULL
-3.08
-1.39
0.45
8.99
NULL
NULL
4.49
3.17
2.06
NULL
-0.45
-1.72
-2.21
-0.65
NULL
NULL
NULL
NULL
NULL
NULL
NULL
NULL
NULL
NULL
NULL
-1.18
0.13
NULL
NULL
9.85
6.39
4.46
1.02
0.06
0.28
-0.75
-3.76
-3.66
0.18
5.71
11.86
10.42
7.12
3.69
2.65
0.3
-1.93
-2.73
-2.59
-2.42
2.94
9.12
14.16
13.93
8.88
4.64
3.48
2.05
0.3
-1.66
-1.93
-0.2
1.28
7.19
11.31
10.36
9.23
5.85
4.74
1.77
-1.04
-0.46
-0.85
1.51
5.71
