-9.44
-10.22
NULL
NULL
3.99
9.29
8.05
5.18
-0.74
-5.39
-7.76
-9.32
-10.84
-12.74
NULL
0.21
8.19
13.94
11.8
8.91
3.19
0.99
-2.63
-6.53
-7.32
-7.78
-5.47
0.14
5.6
10.46
8.7
6.17
1.13
-1.62
-4.52
-6.11
-8.16
-8.55
-4.79
0.37
5.38
11.3
12.0
6.55
1.14
-2.02
-4.75
-6.35
-8.93
-8.54
-4.55
-0.69
6.42
10.15
10.69
6.84
0.52
-2.77
-4.94
-8.34
-9.62
-9.93
-8.44
-3.9
6.21
11.97
11.04
7.2
1.3
-1.91
-5.3
-7.6
-9.32
-8.59
-6.17
0.85
6.08
12.0
13.02
7.14
1.67
-1.87
-5.98
-6.32
-8.41
-9.28
-7.35
-2.68
6.92
14.37
12.66
9.14
1.88
-1.26
-4.41
-6.34
-8.54
-7.38
-6.37
0.43
6.79
12.79
12.98
8.92
4.89
NULL
-3.06
-5.26
-7.82
-7.16
NULL
-0.92
4.96
10.38
11.12
9.08
0.2
-1.44
-5.12
-6.66
-7.84
NULL
-5.45
0.71
8.0
13.6
NULL
11.48
6.02
0.87
-1.51
NULL
-6.68
-7.49
-4.83
-0.61
NULL
NULL
13.61
9.46
2.53
-0.12
NULL
-5.59
-7.73
-7.03
-3.12
NULL
4.78
11.02
10.9
7.21
NULL
-2.66
-4.09
-7.33
-8.76
-8.29
NULL
-1.65
6.19
13.02
NULL
NULL
2.76
-1.56
-4.01
-4.17
NULL
-8.74
-6.75
-1.85
9.88
NULL
NULL
5.23
2.53
-1.49
NULL
-6.4
-7.79
-7.7
-5.29
NULL
NULL
NULL
NULL
NULL
NULL
NULL
NULL
NULL
NULL
NULL
-6.22
-1.28
NULL
NULL
12.85
8.89
3.88
-0.75
-3.78
-4.86
-7.52
-8.31
-6.38
-0.25
8.03
15.87
14.17
9.48
3.77
-0.59
-3.1
-6.49
-6.62
-7.45
-4.52
1.21
9.66
16.62
16.01
9.77
4.07
1.28
-1.98
-4.09
-6.64
-7.43
-5.3
0.65
7.56
13.3
11.57
9.51
5.12
0.34
-2.72
-5.74
-7.11
-7.24
-3.82
3.2
