0.88
3.12
NULL
NULL
1.47
1.14
1.2
2.82
2.33
2.77
1.35
-0.05
1.21
3.53
NULL
2.79
2.43
2.21
0.85
1.51
2.29
0.82
-0.28
-1.11
0.75
1.08
-0.15
0.11
-0.85
-1.16
-1.06
1.01
0.79
-0.88
-0.92
-1.67
-2.21
1.16
0.0
-0.08
-0.63
-0.34
-1.58
-1.07
-2.08
-3.05
-3.97
-3.85
-2.21
-1.12
-1.48
-1.91
-2.05
-2.14
-2.08
1.77
4.15
3.37
2.09
1.41
1.66
2.61
2.95
2.42
2.16
2.52
2.49
3.42
1.57
0.7
0.47
0.65
1.23
1.54
1.41
0.7
1.04
0.18
0.94
1.67
0.62
-0.07
-0.65
-1.26
-1.21
-0.93
-0.56
-0.45
-1.65
-1.98
-1.47
-0.32
-0.98
-0.32
-1.42
0.59
1.62
2.28
1.19
1.3
0.28
0.32
0.69
0.58
0.33
NULL
-1.71
-3.17
-2.32
-0.92
NULL
-1.59
-1.53
-0.81
0.16
1.86
2.92
1.23
-0.15
-0.66
-0.92
NULL
2.49
2.42
1.11
2.15
NULL
3.85
2.04
3.34
1.18
NULL
5.77
5.71
4.91
2.96
NULL
NULL
2.38
2.35
2.35
2.32
NULL
1.79
1.36
1.22
2.03
NULL
1.3
1.54
2.36
3.9
NULL
0.7
0.01
-1.09
2.21
2.97
NULL
1.92
1.46
1.82
NULL
NULL
4.9
4.07
3.44
2.01
NULL
5.28
3.54
4.3
3.12
NULL
NULL
2.22
1.13
0.91
NULL
0.95
0.45
0.14
0.76
NULL
NULL
NULL
NULL
NULL
NULL
NULL
NULL
NULL
NULL
NULL
7.79
6.56
NULL
NULL
4.73
3.68
2.79
1.72
0.78
0.32
-0.84
1.63
1.76
2.02
1.99
2.66
3.95
6.28
9.53
8.02
7.14
7.71
9.1
11.69
9.32
10.07
9.56
9.81
7.59
9.13
8.6
7.68
6.26
6.16
7.0
8.59
7.59
6.98
5.54
6.39
5.53
4.4
4.07
3.58
4.47
3.82
4.03
4.78
4.28
3.83
