-0.06
0.23
NULL
NULL
0.91
1.07
1.17
0.71
1.09
0.61
0.34
-0.32
-0.16
-0.32
NULL
-0.99
-1.25
-1.34
-1.44
-1.99
-2.11
-1.67
-1.57
-0.82
-0.99
-1.49
-2.32
-1.21
-0.95
-0.81
-0.98
-1.47
-1.27
-0.51
-0.17
-0.42
-0.64
-0.65
-0.72
-0.58
-0.78
-1.07
-1.22
-0.95
-0.46
0.15
0.74
1.45
1.59
2.45
1.94
1.75
2.17
1.97
1.82
1.67
1.2
0.18
-0.2
-1.03
-0.47
-0.76
-1.03
-1.32
-0.54
-1.11
0.25
0.23
0.42
0.29
0.93
0.86
0.55
0.42
0.62
0.81
1.25
0.41
-0.63
0.28
0.17
0.08
1.1
1.01
-0.01
-0.07
0.13
0.5
0.94
-0.04
-0.26
0.59
0.27
0.6
0.95
0.29
0.52
0.46
0.05
0.11
-0.55
-0.73
0.2
0.97
1.03
NULL
3.86
3.3
4.36
4.61
NULL
4.88
5.32
5.13
4.57
3.77
3.01
3.46
3.68
3.13
2.85
NULL
2.21
2.76
2.47
3.13
NULL
2.74
3.41
3.06
2.25
NULL
2.67
2.19
2.2
1.89
NULL
NULL
0.91
1.51
1.69
1.46
NULL
2.23
1.94
0.9
0.79
NULL
0.32
1.15
0.53
0.43
NULL
1.06
0.95
1.96
1.51
1.7
NULL
-0.22
0.83
0.46
NULL
NULL
-1.27
0.29
-0.39
-1.07
NULL
-0.85
-1.04
-0.16
0.22
NULL
NULL
0.35
-0.33
-0.23
NULL
0.1
-0.04
-0.01
-0.16
NULL
NULL
NULL
NULL
NULL
NULL
NULL
NULL
NULL
NULL
NULL
1.24
1.23
NULL
NULL
0.19
-0.75
-0.86
-1.08
-0.94
-0.46
-0.16
-0.22
-0.51
-0.19
-0.73
-0.31
-1.28
-1.6
-1.0
-0.17
-0.21
-0.22
0.36
0.74
0.42
0.32
0.54
0.49
0.39
0.52
0.85
0.86
2.23
2.24
2.11
2.06
1.53
2.27
2.18
2.17
2.54
2.33
3.07
4.97
5.14
5.36
6.15
6.06
5.64
5.8
