-6.19
-7.55
NULL
NULL
2.6
3.33
5.22
4.77
0.89
-1.34
-4.11
-5.18
-5.15
-6.28
NULL
1.38
2.82
4.33
4.4
3.94
0.83
-0.89
-3.41
-6.25
-5.19
-3.56
-1.44
0.89
2.0
3.25
3.78
3.4
0.78
-1.34
-3.52
-4.16
-4.02
-2.5
-0.09
2.05
3.02
4.48
5.9
4.13
0.51
-1.95
-3.78
-3.5
-4.09
-2.41
0.89
2.75
5.34
5.5
6.13
4.55
0.18
-2.49
-4.63
-6.7
-5.12
-3.55
-1.48
1.9
4.82
5.73
6.33
4.53
1.51
-0.56
-3.16
-4.32
-5.33
-3.13
-0.84
2.25
3.53
4.59
6.01
2.72
-0.35
-1.94
-4.54
-4.46
-4.46
-3.56
-2.7
0.73
1.87
3.98
3.66
2.99
-1.23
-3.17
-4.32
-4.06
-5.39
-3.76
-0.99
1.57
3.03
5.08
4.56
4.82
1.79
NULL
-3.56
-3.94
-5.35
-3.73
NULL
-0.67
1.09
2.94
4.55
4.84
-1.27
-2.81
-6.11
-5.02
-5.32
NULL
-1.09
2.38
3.01
4.09
NULL
4.14
1.39
-2.1
-4.26
NULL
-5.1
-5.09
0.02
-0.65
NULL
NULL
6.35
4.1
0.59
-2.08
NULL
-4.72
-5.0
-2.92
0.27
NULL
4.94
7.07
6.41
5.69
NULL
-1.32
-2.33
-4.26
-4.08
-3.64
NULL
2.39
2.94
5.27
NULL
NULL
1.05
-3.93
-4.9
-5.26
NULL
-4.81
-2.18
0.09
3.42
NULL
NULL
2.27
1.91
-2.86
NULL
-4.11
-4.47
-4.01
-0.25
NULL
NULL
NULL
NULL
NULL
NULL
NULL
NULL
NULL
NULL
NULL
0.91
4.41
NULL
NULL
7.64
6.08
3.34
0.47
-2.15
-3.35
-3.37
-1.75
0.0
3.33
6.71
9.01
8.22
6.76
3.33
-1.29
-2.39
-3.71
-2.4
-2.54
1.24
2.9
4.1
5.92
6.35
4.1
1.0
-1.45
-2.89
-3.33
-4.07
-3.96
-1.19
2.68
3.28
5.0
4.25
3.44
1.15
-2.39
-4.82
-6.51
-5.67
-3.44
-0.99
1.12
