0.21
0.19
NULL
NULL
0.91
0.42
1.0
0.85
0.2
0.48
0.4
0.23
0.13
-0.12
NULL
0.67
0.59
0.62
0.16
0.13
0.8
0.76
0.47
-0.03
0.58
-0.02
-0.18
0.67
0.23
0.19
-0.33
0.34
0.42
0.19
0.69
0.61
-0.14
0.39
0.27
0.37
0.54
0.84
0.86
0.55
0.44
0.39
0.62
1.13
0.63
-0.07
0.15
0.13
0.27
0.05
-0.03
0.31
0.1
0.25
0.35
-0.11
-0.05
0.06
-0.05
-0.26
-0.0
-0.34
-0.31
-0.02
-0.12
-0.03
-0.17
0.26
-0.22
-0.39
-0.52
-0.04
0.09
-0.47
-0.43
-0.62
-0.33
-0.19
-0.71
-0.59
-0.61
-1.0
-0.9
-0.71
-0.7
-0.61
-0.93
-0.93
-1.05
-0.66
-0.87
-1.14
-1.33
-1.09
-1.41
-1.1
-1.28
-1.72
-1.35
-1.24
-1.16
NULL
-1.21
-1.52
-1.24
-1.33
NULL
-1.16
-0.82
-0.96
-1.01
-1.11
-0.66
-0.79
-0.84
-0.82
-1.11
NULL
-1.41
-1.26
-1.52
-1.26
NULL
-1.56
-1.72
-1.26
-1.79
NULL
-1.83
-1.71
-1.52
-1.84
NULL
NULL
-1.94
-1.84
-2.1
-1.75
NULL
-1.32
-2.15
-2.14
-1.74
NULL
-1.47
-1.8
-1.31
-1.43
NULL
-1.89
-1.8
-2.05
-2.06
-2.09
NULL
-1.73
-1.59
-1.66
NULL
NULL
-2.23
-2.31
-2.11
-2.05
NULL
-2.21
-1.93
-1.76
-1.97
NULL
NULL
-2.19
-1.61
-1.42
NULL
-2.13
-2.54
-2.79
-2.72
NULL
NULL
NULL
NULL
NULL
NULL
NULL
NULL
NULL
NULL
NULL
-1.93
-2.23
NULL
NULL
-1.71
-1.68
-2.18
-2.4
-2.22
-2.36
-2.68
-2.55
-2.46
-2.61
-2.72
-2.74
-2.45
-2.41
-2.02
-2.32
-1.73
-2.25
-2.56
-2.63
-3.15
-3.52
-3.1
-2.23
-2.51
-3.15
-2.5
-1.68
-2.69
-2.61
-2.84
-3.22
-3.55
-3.03
-2.99
-2.63
-3.03
-2.26
-2.39
-2.91
-3.21
-3.17
-3.71
-3.61
-3.08
-2.61
