1.43
1.25
NULL
NULL
-2.52
-3.53
-4.8
-5.45
-3.82
1.64
7.29
8.79
6.19
2.49
NULL
0.27
-1.48
-4.75
-5.71
-7.05
-4.21
-1.2
4.3
8.35
6.29
3.45
1.44
1.44
-2.46
-3.98
-4.7
-5.08
-1.43
4.94
3.88
6.64
4.44
2.81
0.88
-1.17
-2.34
-2.44
-3.72
-5.24
-2.33
-0.04
2.37
4.35
1.64
-1.45
-4.09
-3.96
-5.55
-5.56
-8.31
-7.41
-5.47
4.76
11.23
9.75
5.79
4.08
1.49
-0.13
-1.03
-3.18
-4.22
-4.11
-4.48
-0.31
6.86
7.0
3.9
2.57
0.6
-1.33
-3.17
-5.54
-5.8
-4.07
-1.94
1.66
3.7
6.48
6.37
2.83
0.46
-0.26
-2.11
-3.62
-4.22
-4.84
-4.46
0.9
3.77
7.08
3.49
-0.27
-1.23
-1.9
-3.21
-6.29
-7.2
-6.99
-6.22
NULL
4.61
4.11
3.61
1.69
NULL
-3.0
-4.2
-7.52
-7.32
-7.48
-5.3
-1.1
1.02
4.16
3.53
NULL
0.43
-1.04
-2.87
-5.04
NULL
-4.8
-3.77
-3.46
3.64
NULL
2.09
-0.54
-2.5
-3.58
NULL
NULL
-6.37
-8.26
-6.39
-2.93
NULL
4.37
1.01
-1.59
-2.6
NULL
-4.01
-5.34
-8.06
-9.13
NULL
4.92
8.41
10.37
5.47
4.77
NULL
-0.33
-2.3
-4.82
NULL
NULL
-3.37
1.29
2.06
4.77
NULL
1.56
0.98
-1.48
-2.71
NULL
NULL
-6.1
-5.44
-3.38
NULL
1.93
-0.55
-1.83
-2.45
NULL
NULL
NULL
NULL
NULL
NULL
NULL
NULL
NULL
NULL
NULL
-1.67
-2.35
NULL
NULL
-7.0
-8.33
-6.07
-3.44
-0.25
2.61
1.66
-0.88
-2.39
-4.09
-4.62
-4.85
-6.84
-8.1
-6.41
-1.13
2.85
3.29
1.37
-1.83
-3.84
-3.45
-4.87
-6.94
-8.8
-9.17
-7.9
-5.17
-1.25
-0.61
-2.15
-3.88
-4.69
-6.57
-6.88
-8.22
-10.34
-12.21
-11.83
-5.67
-2.03
0.46
1.55
-1.7
-3.41
-5.71
