7.81
4.92
NULL
NULL
-1.65
-2.43
-3.47
-4.39
-3.38
4.57
7.72
7.86
9.34
5.59
NULL
1.08
-0.04
-2.08
-3.4
-3.87
-2.51
-0.84
3.86
5.54
5.9
3.26
0.91
-0.54
-2.03
-3.84
-4.54
-4.84
-1.28
3.57
5.42
5.08
2.64
1.06
-1.06
-2.66
-4.62
-5.1
-6.17
-7.46
-6.27
-2.63
-0.98
3.03
4.5
1.72
-0.64
-2.74
-4.37
-5.97
-7.18
-7.8
-4.44
2.41
6.81
8.71
6.4
3.9
1.94
0.19
-1.68
-3.87
-5.06
-5.29
-2.6
2.79
8.69
9.66
5.88
4.32
2.58
-0.49
-1.08
-3.26
-4.81
-6.4
-1.33
2.26
5.16
6.79
8.49
4.37
2.62
0.58
-1.82
-2.91
-4.01
-4.34
-4.1
-0.68
2.67
8.69
6.87
4.42
0.6
-0.65
-2.91
-3.44
-4.72
-6.14
-2.22
NULL
2.76
4.18
5.4
2.52
NULL
-2.11
-3.65
-4.65
-5.64
-5.25
-3.94
-0.39
2.58
4.01
4.42
NULL
-1.24
-2.87
-4.46
-5.48
NULL
-7.07
-5.03
-0.4
3.35
NULL
3.11
1.23
-1.81
-5.15
NULL
NULL
-7.46
-8.4
-8.09
-4.18
NULL
4.03
3.94
1.34
-1.23
NULL
-3.44
-4.62
-6.75
-6.89
NULL
0.57
3.05
6.02
5.7
4.33
NULL
-3.78
-4.94
-5.46
NULL
NULL
-6.81
-3.22
0.2
1.33
NULL
-1.71
-3.75
-5.54
-6.05
NULL
NULL
-10.54
-8.72
-4.57
NULL
0.96
0.84
0.01
-3.35
NULL
NULL
NULL
NULL
NULL
NULL
NULL
NULL
NULL
NULL
NULL
-1.94
-4.21
NULL
NULL
-8.16
-8.02
-5.17
-0.59
3.3
5.65
2.65
2.39
0.29
-2.22
-3.71
-5.2
-5.96
-7.4
-4.95
1.06
6.67
7.65
5.77
3.04
0.2
-0.58
-2.29
-3.07
-5.49
-6.41
-5.17
-0.9
1.78
7.05
6.72
4.03
1.82
0.01
-1.89
-2.25
-4.12
-5.88
-7.4
-1.79
4.96
9.55
8.78
4.11
3.52
1.5
