-1.41
-1.58
NULL
NULL
0.6
0.9
0.99
-0.17
-0.94
-1.04
-1.2
-1.5
-1.93
-2.38
NULL
-0.5
1.52
2.85
2.2
1.38
1.01
0.84
0.03
-0.57
-0.62
-1.33
-1.45
0.04
1.07
1.53
0.35
0.27
-0.28
-0.54
-0.41
-0.64
-1.59
-1.46
-1.24
-0.26
0.88
2.04
1.58
0.69
-0.05
-0.29
-0.59
-0.51
-1.05
-1.97
-1.35
-0.74
0.91
1.35
1.35
0.76
0.21
-0.16
-0.54
-1.02
-1.12
-1.61
-1.79
-1.09
1.27
2.39
1.8
1.12
0.33
-0.04
-0.23
-0.17
-0.95
-1.26
-1.37
-0.01
1.46
2.33
1.94
0.77
0.42
0.17
-0.48
-0.71
-1.23
-1.62
-1.25
-0.76
0.66
2.38
1.71
1.14
0.56
0.2
-0.06
-0.66
-1.03
-1.18
-1.19
-0.22
1.48
3.06
3.09
2.71
1.9
NULL
0.9
0.3
-0.05
-0.22
NULL
0.5
1.6
2.34
1.86
1.29
0.52
0.21
-0.04
-0.17
-0.32
NULL
-0.81
0.39
2.35
3.72
NULL
2.68
1.78
1.53
0.84
NULL
-0.21
-0.42
0.0
0.24
NULL
NULL
2.61
1.77
0.85
0.84
NULL
0.53
-0.31
-0.38
-0.06
NULL
1.64
2.51
2.13
1.27
NULL
0.1
-0.31
-0.36
-0.61
-0.85
NULL
0.03
1.96
3.32
NULL
NULL
1.54
0.78
1.01
0.33
NULL
-0.4
-0.11
0.88
3.15
NULL
NULL
1.91
1.51
1.84
NULL
0.73
0.17
-0.29
-0.16
NULL
NULL
NULL
NULL
NULL
NULL
NULL
NULL
NULL
NULL
NULL
-0.22
0.77
NULL
NULL
3.54
3.2
2.08
1.82
1.38
0.96
0.33
0.35
0.35
0.98
2.59
4.27
3.96
2.76
2.5
1.58
1.84
1.19
0.62
0.34
0.3
0.95
3.46
6.07
5.41
3.89
3.47
3.07
2.22
2.02
1.41
0.93
0.83
1.74
3.46
4.4
3.57
2.98
2.48
1.78
1.45
1.13
0.88
0.47
0.74
1.8
