-0.25
-0.2
NULL
NULL
0.46
0.31
0.31
-0.23
-0.34
-0.37
-0.27
-0.49
-0.18
-0.14
NULL
0.45
0.22
0.25
-0.4
-0.06
-0.21
-0.29
-0.7
-0.63
-0.28
-0.5
0.21
0.28
0.14
0.01
0.09
-0.07
-0.01
-0.32
-0.31
-0.48
-0.32
0.06
0.07
0.44
0.51
0.29
0.21
-0.1
-0.33
-0.14
-0.11
-0.11
-0.43
0.09
0.37
0.5
0.56
0.21
0.17
-0.1
-0.29
-0.35
-0.18
-0.63
-0.16
-0.07
0.46
0.24
0.4
0.16
0.22
0.19
-0.12
-0.32
-0.54
-0.29
-0.18
0.36
0.4
0.54
0.61
0.16
0.34
-0.07
-0.17
-0.19
-0.32
-0.2
-0.08
0.18
0.26
0.32
0.24
0.36
0.1
-0.05
-0.31
-0.33
0.01
0.08
0.13
0.29
0.53
0.57
0.69
0.36
0.13
0.31
-0.04
NULL
-0.28
-0.19
-0.29
0.44
NULL
0.3
0.39
0.42
0.41
0.42
-0.39
-0.4
-0.35
-0.67
-0.28
NULL
0.61
0.82
0.77
0.74
NULL
0.26
0.12
-0.33
0.0
NULL
0.23
0.23
0.48
0.55
NULL
NULL
0.43
0.41
0.0
-0.13
NULL
0.19
-0.2
-0.02
0.59
NULL
0.76
0.55
0.21
0.19
NULL
0.19
0.3
-0.12
-0.1
-0.13
NULL
0.48
0.52
0.64
NULL
NULL
-0.07
0.09
-0.12
0.03
NULL
0.24
0.42
0.66
0.61
NULL
NULL
0.42
-0.31
-0.23
NULL
0.41
0.5
0.74
0.97
NULL
NULL
NULL
NULL
NULL
NULL
NULL
NULL
NULL
NULL
NULL
1.09
1.04
NULL
NULL
0.63
0.37
0.13
0.1
-0.08
0.16
0.68
0.45
0.71
0.57
1.26
1.35
0.93
0.31
0.19
0.29
0.17
0.37
0.42
0.33
0.85
1.17
1.47
1.14
0.64
0.53
0.32
0.19
0.15
0.29
-0.1
0.48
0.63
1.05
0.98
0.97
0.65
0.49
0.43
0.76
0.21
0.32
0.49
0.53
1.05
1.21
