-1.27
-1.34
NULL
NULL
-0.34
-0.47
-0.24
-0.56
-1.13
-1.07
-1.03
-1.27
-1.42
-1.61
NULL
-0.56
0.13
0.7
0.61
0.47
0.39
0.48
0.13
-0.42
-0.12
-0.45
-0.61
0.38
0.33
0.43
-0.09
0.16
0.04
-0.15
0.22
0.1
-0.59
-0.27
-0.19
0.25
0.68
1.24
1.33
0.84
0.47
0.47
0.37
0.51
0.2
-0.41
-0.01
0.16
0.73
0.65
0.39
0.37
0.13
0.05
-0.3
-0.48
-0.3
-0.52
-0.55
-0.39
0.29
0.46
0.36
0.39
-0.04
-0.16
-0.42
-0.15
-0.77
-0.83
-0.91
-0.23
0.19
0.24
0.25
-0.32
-0.26
-0.2
-0.68
-0.69
-0.79
-0.93
-0.59
-0.36
-0.05
0.65
0.29
0.13
-0.16
-0.15
-0.17
-0.61
-0.62
-0.54
-0.68
-0.03
0.54
1.01
1.32
1.17
1.01
NULL
0.41
0.23
0.02
-0.18
NULL
0.12
0.37
0.61
0.66
0.2
0.13
0.11
0.02
0.05
-0.0
NULL
-0.05
0.42
0.66
1.4
NULL
1.0
0.65
0.61
0.07
NULL
-0.2
-0.27
0.12
-0.16
NULL
NULL
0.85
0.53
-0.02
0.27
NULL
0.39
-0.26
-0.34
0.01
NULL
0.32
0.52
0.45
0.1
NULL
-0.36
-0.68
-0.58
-0.62
-0.67
NULL
-0.33
0.39
0.93
NULL
NULL
0.18
-0.28
-0.02
0.05
NULL
-0.55
-0.25
-0.19
0.63
NULL
NULL
-0.03
0.33
0.57
NULL
0.06
-0.24
-0.85
-0.56
NULL
NULL
NULL
NULL
NULL
NULL
NULL
NULL
NULL
NULL
NULL
-0.19
0.02
NULL
NULL
1.23
1.03
0.43
0.24
0.17
0.04
-0.44
-0.36
-0.22
0.02
0.27
0.85
0.76
0.33
0.46
-0.01
0.48
-0.23
-0.45
-0.54
-0.52
-0.67
0.1
1.52
1.3
0.57
0.62
1.01
0.12
0.17
-0.17
-0.59
-0.71
-0.2
0.27
0.71
0.27
0.5
0.37
0.01
-0.3
-0.68
-0.78
-0.95
-0.32
0.25
