-0.74
-0.69
NULL
NULL
-0.49
-0.44
-0.51
-0.43
-0.28
-0.31
-0.24
-0.28
-0.53
-0.56
NULL
-0.46
-0.68
-0.58
-0.59
0.02
1.23
0.92
0.66
0.73
0.88
0.82
0.39
0.66
0.17
0.17
-0.39
0.06
0.27
0.23
-0.09
0.29
-0.45
-0.41
-0.5
-0.54
-0.4
-0.29
-0.35
-0.43
-0.13
-0.04
0.37
0.76
0.17
-0.21
0.03
-0.01
-0.01
-0.37
-0.61
-0.33
-0.25
-0.19
-0.34
-0.46
-0.5
-0.32
-0.76
-1.0
-1.07
-1.11
-0.93
-0.78
-0.77
-0.41
-0.96
-0.7
-0.95
-1.27
-1.25
-0.82
-0.99
-1.34
-0.51
0.48
0.83
1.39
1.53
1.37
1.68
1.17
1.15
1.16
1.02
1.06
0.89
0.82
1.12
1.81
2.13
2.18
1.73
1.68
1.82
1.72
2.07
1.12
1.53
1.71
2.27
NULL
2.24
2.03
1.71
2.04
NULL
2.13
1.6
1.79
1.47
1.36
2.25
2.09
1.53
1.49
1.56
NULL
0.95
0.8
0.61
1.05
NULL
2.21
2.42
2.27
2.05
NULL
1.72
1.85
1.57
0.78
NULL
NULL
0.23
0.34
0.26
0.54
NULL
0.66
0.39
0.03
0.41
NULL
0.26
-0.01
0.53
0.67
NULL
1.01
1.46
1.95
1.68
1.49
NULL
1.24
0.69
0.84
NULL
NULL
0.25
-0.49
-0.16
0.07
NULL
-0.13
-0.23
-0.44
-0.16
NULL
NULL
0.08
0.09
0.07
NULL
-0.43
-0.83
-0.87
-0.86
NULL
NULL
NULL
NULL
NULL
NULL
NULL
NULL
NULL
NULL
NULL
-0.04
-0.21
NULL
NULL
-0.36
-0.2
0.05
-0.17
-0.6
-1.12
-0.84
-0.75
-1.27
-1.32
-1.28
-1.47
-1.51
-1.54
-0.95
-1.59
-1.63
-1.98
-1.87
-1.92
-2.2
-2.13
-2.18
-2.03
-2.38
-2.83
-2.59
-2.14
-2.16
-1.94
-2.17
-2.48
-2.32
-2.34
-2.65
-2.41
-2.99
-2.83
-2.69
-2.74
-3.25
-3.47
-2.72
-2.83
-2.62
-2.84
