5.42
3.68
NULL
NULL
0.28
-0.17
-0.88
-1.36
-0.87
3.57
5.39
6.32
6.43
3.93
NULL
1.6
0.65
-0.09
-0.93
-1.17
-0.73
-0.42
3.17
5.34
4.7
2.6
1.35
0.63
-0.57
-1.48
-2.16
-2.57
0.14
2.69
3.24
2.45
0.42
-0.21
-1.64
-2.02
-3.34
-3.53
-4.77
-4.65
-2.56
-0.03
0.59
3.34
3.42
1.65
0.12
-1.31
-2.47
-3.15
-3.83
-4.47
-2.83
1.44
3.33
4.63
3.75
1.45
0.26
-0.57
-1.63
-2.9
-3.22
-3.02
-0.33
3.29
6.13
5.96
2.72
1.67
0.91
-0.51
-1.06
-2.85
-3.66
-4.62
-1.33
2.09
3.3
3.66
4.51
1.74
0.88
-0.02
-1.58
-2.34
-3.23
-3.48
-3.19
-1.94
0.13
4.41
3.42
1.56
-0.81
-1.44
-2.48
-3.14
-3.49
-4.25
-1.52
NULL
1.97
2.28
2.19
0.53
NULL
-2.11
-2.65
-3.22
-3.68
-3.58
-2.82
-0.35
1.36
1.33
1.42
NULL
-2.04
-2.65
-4.12
-4.16
NULL
-5.11
-3.72
0.66
3.26
NULL
1.46
0.09
-1.77
-3.27
NULL
NULL
-4.72
-5.22
-5.34
-1.72
NULL
4.23
3.49
1.02
-0.4
NULL
-2.39
-3.03
-3.94
-4.24
NULL
1.55
3.42
4.29
3.59
2.22
NULL
-3.08
-3.4
-3.69
NULL
NULL
-4.09
-3.12
-1.33
-0.27
NULL
-2.85
-3.43
-4.21
-4.42
NULL
NULL
-7.2
-5.04
-2.06
NULL
0.95
0.25
0.04
-1.51
NULL
NULL
NULL
NULL
NULL
NULL
NULL
NULL
NULL
NULL
NULL
-1.53
-2.46
NULL
NULL
-4.8
-5.32
-3.44
-0.51
1.62
3.1
1.72
1.12
-0.29
-1.66
-3.01
-3.7
-4.31
-5.01
-3.67
-0.38
2.79
2.97
1.13
-0.46
-2.48
-2.74
-3.86
-3.57
-5.05
-5.49
-3.89
-0.88
1.25
4.71
3.63
1.19
-0.28
-1.04
-2.12
-2.12
-3.57
-5.33
-5.41
-1.45
2.16
4.56
4.02
1.16
1.1
0.64
