-1.01
-1.13
NULL
NULL
-1.27
-0.8
-0.97
-0.94
-1.01
-0.67
-0.56
-0.92
-1.29
-1.0
NULL
-1.32
-1.19
-1.75
-1.93
-1.82
-1.86
-1.47
-1.31
-0.66
-0.38
-0.91
-1.38
-1.03
-1.71
-1.63
-1.77
-1.56
-1.78
-1.57
-1.07
-0.79
-1.01
-1.29
-1.56
-1.27
-1.73
-1.22
-1.49
-1.42
-1.02
0.08
1.56
2.99
2.67
2.36
1.63
1.55
0.97
1.31
0.68
0.56
0.26
0.35
0.1
-0.41
-0.31
-0.59
-1.36
-1.35
-1.1
-1.06
-1.02
-1.09
-0.97
-0.84
1.6
2.7
1.76
1.07
0.77
0.82
0.5
-0.07
-0.39
-0.05
0.36
0.59
2.27
3.27
2.15
1.16
1.35
1.2
1.08
0.93
0.69
0.42
-0.11
1.43
1.36
2.27
2.38
1.77
1.37
1.31
0.76
0.77
1.02
1.01
1.65
NULL
4.19
4.9
5.64
6.16
NULL
5.23
5.1
4.88
4.64
4.3
4.36
4.31
5.49
5.63
5.22
NULL
3.73
3.83
3.25
3.1
NULL
1.93
2.98
2.76
2.37
NULL
1.79
1.42
1.22
0.99
NULL
NULL
1.01
1.14
1.39
2.5
NULL
5.3
5.08
3.93
3.58
NULL
3.25
3.15
2.9
2.21
NULL
2.33
2.43
1.53
2.74
2.46
NULL
1.37
1.12
0.94
NULL
NULL
1.14
1.58
1.35
1.97
NULL
0.4
0.21
0.79
0.79
NULL
NULL
0.19
0.73
3.11
NULL
3.51
2.68
2.7
2.57
NULL
NULL
NULL
NULL
NULL
NULL
NULL
NULL
NULL
NULL
NULL
1.45
1.56
NULL
NULL
0.49
0.07
0.11
0.16
0.17
0.17
0.44
-0.6
-0.5
-0.5
-0.18
0.14
-0.15
-0.7
-0.02
0.59
0.55
1.61
2.09
1.36
0.91
0.96
0.62
0.38
-0.16
0.13
0.65
1.91
4.69
4.21
3.87
3.05
2.41
2.43
2.18
1.94
1.58
0.94
0.43
1.31
2.59
3.33
3.42
2.01
1.71
1.85
