-10.09
-10.97
NULL
NULL
4.33
7.85
8.7
4.36
0.47
-4.13
-6.55
-7.68
-9.17
-10.74
NULL
-0.71
5.05
10.82
10.24
4.81
0.85
-2.05
-4.45
-7.79
-8.72
-7.63
-4.08
0.24
5.42
9.66
6.68
3.11
-1.54
-4.18
-5.45
-7.57
-9.83
-7.97
-5.03
-0.79
4.82
9.73
9.63
4.41
-1.82
-3.2
-5.03
-6.24
-8.71
-8.19
-4.87
-2.12
4.07
9.53
10.63
5.25
0.34
-3.01
-4.77
-7.18
-8.03
-6.6
-3.16
-0.26
7.55
12.72
10.85
7.2
2.16
-1.02
-4.37
-5.58
-6.5
-5.87
-3.45
1.13
7.67
13.47
11.76
4.6
1.33
-1.25
-5.13
-5.61
-7.37
-4.52
-3.83
0.94
7.36
12.06
11.69
7.48
1.29
-1.01
-3.53
-4.59
-6.75
-6.26
-4.44
1.39
7.27
13.58
14.43
9.36
4.38
NULL
-1.4
-2.73
-5.24
-4.88
NULL
1.12
5.97
11.31
11.43
9.78
1.15
-0.72
-2.36
-3.58
-4.93
NULL
-0.59
5.18
10.63
18.1
NULL
10.84
5.72
2.54
-0.03
NULL
-2.35
-1.54
1.07
5.02
NULL
NULL
15.08
9.06
4.18
1.78
NULL
-1.4
-2.47
-0.65
1.35
NULL
9.96
14.41
15.93
9.89
NULL
0.97
-1.13
-1.81
-2.29
-2.93
NULL
2.43
6.94
13.91
NULL
NULL
3.55
2.4
-1.21
-2.41
NULL
-2.72
1.77
4.9
13.18
NULL
NULL
6.88
3.07
-0.58
NULL
-2.35
-3.2
-3.17
1.32
NULL
NULL
NULL
NULL
NULL
NULL
NULL
NULL
NULL
NULL
NULL
2.02
6.05
NULL
NULL
15.97
13.72
7.49
4.71
3.23
1.85
0.55
1.21
5.21
10.59
15.51
21.77
24.33
19.55
12.94
9.41
7.59
4.58
3.6
3.81
6.99
11.85
15.89
23.98
25.67
18.15
13.29
10.58
7.09
5.44
3.5
4.49
4.69
10.88
17.58
22.68
20.82
16.58
13.32
9.99
4.97
5.47
3.64
5.64
8.51
14.1
