0.61
0.78
NULL
NULL
-3.44
-2.02
0.08
4.25
5.92
4.39
1.55
1.34
1.44
1.38
NULL
0.89
-2.0
-1.93
0.77
3.87
4.49
3.17
0.9
0.26
-0.27
-0.57
-3.14
-4.0
-5.82
-4.94
-1.87
2.12
1.86
-0.33
-2.07
-1.87
-1.56
-0.37
-1.4
-3.61
-5.78
-4.99
-1.1
1.71
1.57
0.05
-0.36
0.12
-1.0
-0.68
-1.2
-3.24
-5.84
-4.43
-2.56
2.66
3.89
0.61
-0.73
-2.17
-0.9
0.85
0.46
-2.85
-3.66
-2.89
1.22
5.02
5.77
4.24
1.57
0.42
1.03
2.53
1.19
-0.58
-2.48
-1.3
0.09
4.38
4.24
3.3
2.8
2.27
2.52
3.39
3.0
1.13
-0.6
-0.4
0.71
4.99
5.52
3.7
1.43
1.83
1.76
1.16
0.22
-2.41
-3.58
-4.79
-2.09
1.47
2.67
NULL
-0.5
-1.82
-1.62
-1.47
NULL
-4.59
-6.19
-7.1
-1.44
1.21
1.34
-0.77
-2.37
-0.68
-1.68
NULL
-0.73
-3.22
-6.04
-5.32
NULL
0.4
3.08
0.8
0.22
NULL
0.26
0.5
-2.42
-3.02
NULL
NULL
-2.85
0.2
2.2
0.37
NULL
-1.66
0.21
3.55
2.64
NULL
-2.54
-2.44
0.43
4.67
NULL
0.98
-0.43
-0.95
0.22
0.71
NULL
-2.65
-4.98
-4.21
NULL
NULL
5.36
0.66
-1.78
-1.04
NULL
2.46
1.48
-1.08
-2.42
NULL
NULL
2.14
4.13
2.92
NULL
-0.07
0.64
1.18
1.52
NULL
NULL
NULL
NULL
NULL
NULL
NULL
NULL
NULL
NULL
NULL
3.01
1.26
NULL
NULL
3.45
5.5
6.22
4.45
3.2
2.2
2.97
2.97
1.75
-0.49
-2.47
-0.95
4.32
8.44
9.3
6.32
2.88
2.43
3.05
3.47
2.75
1.44
-0.48
-1.68
1.28
7.22
8.71
6.17
4.56
2.49
4.0
5.14
3.79
1.04
-0.32
0.25
2.48
6.48
5.91
4.42
1.19
-0.41
3.16
4.03
3.94
1.5
