7.8
11.48
NULL
NULL
0.85
0.11
-0.01
2.68
6.14
7.5
4.61
2.13
4.41
7.22
NULL
4.05
1.59
1.0
0.47
1.45
4.64
3.61
2.33
2.58
5.24
4.21
0.71
-1.79
-4.74
-5.21
-4.83
-1.39
0.26
0.6
0.1
-1.45
-1.37
-0.93
0.06
-4.7
-6.17
-5.08
-4.57
-4.95
-4.76
-5.75
-7.02
-3.73
-1.25
0.51
-3.75
-6.38
-6.7
-8.96
-9.74
-5.2
3.51
6.06
6.39
4.57
4.32
3.62
3.24
1.57
0.55
-0.82
0.85
1.62
2.51
2.72
4.52
4.2
6.65
4.42
3.37
0.86
-0.25
-0.73
-0.98
1.9
2.35
2.51
4.35
3.36
5.67
5.81
4.94
0.8
-0.96
-2.28
-3.79
-0.04
2.81
5.31
4.61
8.32
9.84
9.82
6.05
3.17
0.63
-0.94
0.76
1.59
3.39
NULL
2.18
2.85
4.97
4.08
NULL
1.1
-0.5
0.17
2.48
3.84
9.43
9.07
5.98
5.64
4.69
NULL
7.38
4.7
2.56
3.46
NULL
5.47
9.7
9.76
8.96
NULL
15.37
14.39
7.43
4.92
NULL
NULL
4.55
7.05
8.98
9.55
NULL
9.51
12.23
10.24
7.06
NULL
2.32
4.22
6.55
6.92
NULL
8.69
9.9
6.31
9.11
11.63
NULL
8.13
5.24
4.29
NULL
NULL
15.78
16.53
15.48
14.06
NULL
16.93
15.16
10.68
7.64
NULL
NULL
6.99
6.31
7.15
NULL
4.58
6.28
7.12
4.68
NULL
NULL
NULL
NULL
NULL
NULL
NULL
NULL
NULL
NULL
NULL
15.7
12.24
NULL
NULL
7.43
7.99
10.12
10.09
9.08
8.03
7.94
8.75
8.04
5.91
3.9
4.97
6.83
9.09
16.99
19.02
19.82
20.59
25.26
28.76
24.17
20.71
18.6
17.03
17.16
20.29
24.51
25.95
24.96
25.1
26.51
29.53
25.28
21.09
18.24
17.37
18.39
19.63
18.96
21.56
22.01
21.98
22.99
22.05
20.96
15.69
