-7.24
-6.95
NULL
NULL
-1.92
1.15
0.06
-0.51
-3.8
-5.15
-5.41
-6.6
-7.19
-8.03
NULL
-2.76
1.72
6.94
6.46
4.6
1.34
0.95
-1.65
-3.06
-4.33
-4.81
-3.67
-1.0
2.22
4.73
3.75
1.73
-0.8
-1.85
-2.46
-3.63
-4.85
-4.63
-3.66
-0.9
3.73
6.93
8.5
4.64
1.49
0.36
-0.88
-1.47
-3.72
-3.9
-2.81
-1.19
2.37
6.08
4.43
2.36
0.25
-1.58
-1.93
-2.99
-4.31
-5.07
-4.09
-3.24
1.62
5.48
4.3
3.33
0.44
-1.85
-2.84
-3.61
-5.04
-4.94
-4.59
-0.86
2.29
6.3
6.56
3.84
1.91
-0.1
-2.8
-3.32
-3.54
-4.42
-2.64
-1.11
4.04
9.73
7.64
5.87
2.28
0.74
-0.09
-1.63
-2.45
-2.3
-3.0
1.42
6.07
11.26
12.23
7.8
6.77
NULL
1.97
1.69
-0.6
-1.25
NULL
1.54
4.22
7.34
7.04
5.09
1.23
1.43
0.52
-0.48
-1.66
NULL
-1.4
2.01
5.9
10.97
NULL
9.0
6.25
4.05
2.16
NULL
0.91
-0.09
-0.44
2.33
NULL
NULL
10.18
8.08
3.83
3.8
NULL
2.69
0.29
0.57
2.19
NULL
4.68
7.63
8.1
5.12
NULL
1.53
-0.61
0.11
-1.49
-1.47
NULL
0.45
5.89
10.49
NULL
NULL
4.47
3.78
1.82
3.08
NULL
-1.06
0.21
1.36
8.3
NULL
NULL
4.17
3.2
2.93
NULL
1.24
0.6
-0.49
0.63
NULL
NULL
NULL
NULL
NULL
NULL
NULL
NULL
NULL
NULL
NULL
0.47
1.87
NULL
NULL
8.87
6.22
4.61
2.96
1.61
1.56
1.27
-0.72
-1.59
0.96
4.73
11.35
9.49
6.23
4.05
2.29
1.4
-0.12
-0.36
-0.97
-0.48
3.28
8.12
14.25
13.25
8.66
5.4
3.84
3.38
2.63
0.55
0.46
1.59
2.68
7.0
10.45
8.48
6.88
5.01
4.78
2.44
-0.21
1.0
1.28
2.97
5.15
