-12.27
-12.89
NULL
NULL
5.63
11.31
11.46
10.06
2.6
-4.53
-7.77
-9.68
-11.16
-12.4
NULL
4.2
11.2
13.66
11.08
8.91
2.64
-0.41
-4.58
-9.37
-9.71
-8.14
-3.53
2.32
6.7
10.92
10.88
7.84
2.71
-1.56
-6.03
-7.9
-8.74
-8.34
-2.56
2.94
7.01
11.5
12.85
7.8
1.69
-3.35
-7.1
-8.74
-10.92
-8.79
-2.06
2.79
10.35
12.64
14.02
9.48
0.52
-3.79
-7.07
-10.35
-11.43
-9.99
-6.41
0.4
10.18
12.59
11.61
8.34
1.84
-1.82
-7.12
-10.51
-11.68
-9.0
-4.48
3.66
6.71
10.77
12.57
7.35
0.24
-3.96
-9.42
-9.92
-11.11
-11.04
-8.24
-2.59
6.63
13.55
11.85
9.07
-0.59
-3.65
-7.38
-8.98
-11.5
-9.09
-5.75
2.25
7.66
10.74
9.45
6.87
2.58
NULL
-8.39
-9.81
-11.99
-10.93
NULL
-1.64
4.62
9.06
11.07
9.29
-2.34
-3.17
-8.11
-10.18
-12.05
NULL
-3.82
2.67
7.35
11.2
NULL
10.16
3.02
-3.71
-5.96
NULL
-10.9
-12.15
-7.6
-1.97
NULL
NULL
12.49
8.68
0.86
-3.65
NULL
-10.58
-12.61
-11.38
-4.95
NULL
5.95
11.39
11.35
8.37
NULL
-4.73
-5.65
-11.55
-13.34
-11.55
NULL
1.02
7.88
11.99
NULL
NULL
-0.72
-6.08
-9.55
-7.93
NULL
-12.72
-8.96
-2.46
8.82
NULL
NULL
4.49
1.23
-5.36
NULL
-8.55
-11.09
-10.39
-6.09
NULL
NULL
NULL
NULL
NULL
NULL
NULL
NULL
NULL
NULL
NULL
-4.92
-0.08
NULL
NULL
12.79
8.04
3.85
-3.47
-6.99
-8.8
-10.04
-10.43
-6.67
1.34
12.5
16.83
14.56
10.92
3.19
-2.22
-5.81
-9.88
-9.31
-8.65
-4.46
3.42
11.87
13.7
13.1
7.08
0.22
-2.28
-5.77
-8.54
-10.91
-10.86
-5.76
2.04
7.0
10.88
10.02
9.21
3.63
-2.48
-6.63
-10.66
-11.15
-9.13
-4.43
4.03
