-0.27
0.03
NULL
NULL
-0.18
-0.13
0.19
0.36
-0.05
0.05
0.07
-0.28
-0.08
0.31
NULL
0.27
0.11
-0.08
-0.28
-0.35
0.22
0.01
-0.18
-0.57
-0.02
-0.14
-0.22
-0.02
-0.44
-0.27
-0.32
0.51
0.44
-0.02
0.39
0.36
0.09
0.74
0.31
0.25
0.11
0.18
0.25
0.04
-0.09
-0.22
-0.14
-0.1
0.09
0.16
0.1
-0.03
-0.21
0.01
0.11
1.04
1.1
0.82
0.69
0.51
0.56
0.72
0.42
0.17
0.32
0.04
0.15
0.39
0.14
0.1
-0.0
0.03
-0.06
-0.2
-0.25
-0.24
-0.26
-0.47
-0.33
-0.17
-0.34
-0.4
-0.56
-0.42
-0.46
-0.35
-0.56
-0.58
-0.55
-0.64
-0.56
-0.41
-0.57
-0.35
-0.48
-0.29
-0.06
0.06
-0.26
0.05
-0.51
-0.46
-0.42
-0.4
-0.41
NULL
-0.77
-0.93
-0.79
-0.58
NULL
-0.71
-0.71
-0.75
-0.31
-0.07
0.05
-0.11
-0.34
-0.21
-0.24
NULL
-0.14
-0.14
-0.3
-0.27
NULL
-0.04
-0.45
-0.09
-0.42
NULL
0.51
0.52
0.39
0.24
NULL
NULL
0.05
0.22
-0.11
0.11
NULL
0.18
-0.18
0.07
0.1
NULL
-0.2
-0.36
0.23
0.3
NULL
-0.09
-0.07
-0.52
0.35
0.53
NULL
0.23
0.17
0.04
NULL
NULL
0.57
0.39
0.31
0.36
NULL
0.66
0.43
0.5
0.33
NULL
NULL
0.12
0.03
0.27
NULL
0.33
0.04
-0.05
0.15
NULL
NULL
NULL
NULL
NULL
NULL
NULL
NULL
NULL
NULL
NULL
1.19
1.0
NULL
NULL
1.0
0.85
0.41
0.19
0.45
0.27
0.23
0.34
0.37
0.32
0.33
0.11
0.88
1.24
1.66
1.29
1.53
1.33
1.49
1.62
1.05
0.88
1.01
1.19
1.1
1.27
1.18
1.4
0.66
0.73
0.8
1.08
0.62
0.6
0.53
0.53
0.67
0.84
0.7
0.41
0.41
0.58
0.44
0.33
0.46
0.58
