-3.54
-3.09
NULL
NULL
3.27
2.99
3.13
2.43
0.25
-2.03
-3.24
-4.9
-4.76
-4.17
NULL
1.53
3.95
5.91
5.48
3.84
1.57
-0.45
-2.07
-3.99
-3.75
-3.21
-1.76
-0.79
1.56
3.65
3.11
1.67
-1.16
-2.24
-3.47
-5.13
-6.44
-4.94
-1.67
-0.02
2.42
5.18
5.15
1.9
-0.04
-2.46
-3.61
-4.94
-5.28
-3.83
-1.52
-0.02
3.11
5.06
4.78
4.51
2.39
-0.87
-2.54
-4.41
-4.75
-3.76
-1.03
1.17
5.19
7.27
7.4
5.74
2.08
0.12
-1.39
-3.25
-3.2
-2.17
-0.11
2.08
5.07
7.29
7.49
5.69
2.93
0.98
-1.78
-2.98
-2.71
-3.16
-3.02
-1.3
-0.01
1.6
1.01
-0.15
-2.2
-3.63
-5.1
-5.97
-6.77
-4.63
-3.0
-0.34
1.25
2.69
4.45
2.75
0.22
NULL
-4.18
-4.59
-6.54
-6.31
NULL
-3.12
-0.22
3.64
3.69
3.66
-1.18
-2.5
-4.32
-5.01
-6.88
NULL
-3.61
-0.17
2.53
6.29
NULL
2.78
1.44
-1.56
-3.54
NULL
-5.78
-3.68
-4.3
-1.45
NULL
NULL
5.49
4.58
2.47
-0.49
NULL
-3.47
-3.61
-1.96
-0.67
NULL
3.5
7.2
9.82
8.02
NULL
0.97
-1.68
-1.29
-1.48
-0.98
NULL
1.68
2.89
3.69
NULL
NULL
1.29
-1.03
-2.95
-3.7
NULL
-1.7
0.37
2.36
6.08
NULL
NULL
1.32
0.35
-0.91
NULL
-3.52
-5.29
-5.7
-2.18
NULL
NULL
NULL
NULL
NULL
NULL
NULL
NULL
NULL
NULL
NULL
-0.46
0.44
NULL
NULL
2.51
1.73
-1.32
-3.43
-4.57
-6.61
-6.54
-6.08
-2.28
-0.38
1.84
4.61
7.94
6.61
4.22
2.08
-0.62
-3.12
-3.74
-2.56
-0.93
2.88
7.16
9.93
12.11
10.67
6.84
4.99
1.69
0.99
-0.14
2.23
2.22
5.58
8.79
11.76
13.14
10.48
7.42
5.06
2.31
0.98
0.92
0.52
2.84
3.88
