0.01
0.11
NULL
NULL
0.19
0.29
0.23
0.19
0.29
0.14
0.03
-0.09
-0.08
-0.11
NULL
-0.26
-0.36
-0.41
-0.41
-0.51
-0.53
-0.48
-0.31
0.16
0.09
-0.24
-0.57
-0.21
-0.3
-0.27
-0.32
-0.56
-0.46
-0.29
-0.21
-0.34
-0.41
-0.43
-0.46
-0.42
-0.58
-0.62
-0.74
-0.65
-0.34
0.01
0.23
0.6
0.58
0.8
0.59
0.53
0.56
0.55
0.47
0.46
0.31
0.05
-0.21
-0.4
-0.15
-0.25
-0.43
-0.49
-0.21
-0.44
0.1
0.03
0.34
0.31
0.47
0.38
0.2
0.1
0.18
0.33
0.39
0.06
-0.33
0.06
0.02
0.24
0.62
0.61
0.13
0.07
0.2
0.34
0.43
0.04
-0.08
0.32
0.21
0.34
0.47
0.29
0.45
0.35
0.14
0.12
-0.13
-0.3
-0.03
0.14
0.21
NULL
1.17
0.8
1.04
1.11
NULL
1.21
1.25
1.14
1.02
0.77
0.55
0.78
0.86
0.65
0.58
NULL
0.17
0.5
0.35
0.6
NULL
0.34
0.73
0.81
0.63
NULL
0.65
0.42
0.42
0.29
NULL
NULL
-0.02
0.25
0.35
0.5
NULL
1.1
0.88
0.45
0.25
NULL
-0.05
0.22
0.01
-0.07
NULL
0.12
0.16
0.25
0.24
0.32
NULL
-0.47
-0.11
-0.14
NULL
NULL
-0.59
-0.04
-0.17
-0.42
NULL
-0.61
-0.56
-0.24
-0.15
NULL
NULL
-0.05
-0.29
0.02
NULL
0.14
0.08
0.09
0.09
NULL
NULL
NULL
NULL
NULL
NULL
NULL
NULL
NULL
NULL
NULL
0.12
0.15
NULL
NULL
-0.24
-0.62
-0.67
-0.68
-0.62
-0.49
-0.33
-0.49
-0.62
-0.52
-0.64
-0.5
-0.86
-0.98
-0.74
-0.47
-0.35
-0.49
-0.34
-0.17
-0.36
-0.42
-0.4
-0.4
-0.41
-0.31
-0.09
0.12
0.99
0.92
0.7
0.55
0.22
0.46
0.41
0.31
0.38
0.31
0.58
1.31
1.24
1.35
1.6
1.49
1.39
1.5
