-2.43
-2.42
NULL
NULL
0.58
0.46
0.42
-0.15
-1.13
-1.16
-1.44
-1.91
-2.13
-2.45
NULL
0.08
1.54
1.96
0.81
0.23
0.31
0.06
-0.84
-1.58
-1.39
-2.07
-1.83
-0.02
0.48
0.77
-0.14
-0.18
-0.73
-1.15
-0.72
-1.28
-2.14
-1.78
-1.43
-0.12
1.5
2.12
1.46
0.62
0.06
-0.42
-0.61
-0.48
-1.41
-1.83
-1.46
-0.68
1.24
1.99
1.18
0.91
0.48
0.19
-0.19
-0.96
-1.19
-1.22
-0.83
0.95
2.87
2.73
2.11
1.51
0.81
0.11
0.07
0.17
-0.58
-0.85
-0.54
0.57
2.37
2.43
1.41
0.63
0.6
0.36
-0.33
-0.58
-0.92
-1.46
-1.27
-0.3
1.16
1.79
0.3
0.04
-0.55
-0.52
-0.77
-0.95
-1.57
-1.48
-1.54
0.01
1.44
1.6
1.79
0.84
0.59
NULL
-0.43
-0.64
-1.0
-1.38
NULL
-0.5
1.16
1.8
1.39
0.89
-0.04
-0.22
-0.48
-0.43
-1.05
NULL
-1.28
0.22
2.06
2.79
NULL
0.82
0.21
0.05
-0.7
NULL
-1.14
-1.04
-0.75
-0.18
NULL
NULL
1.76
0.95
0.02
0.4
NULL
0.01
-0.76
-0.59
-0.18
NULL
2.69
3.63
3.97
2.24
NULL
1.57
0.71
0.5
-0.17
-0.18
NULL
0.33
2.12
2.81
NULL
NULL
0.54
0.36
0.24
0.07
NULL
-0.46
0.35
1.74
3.57
NULL
NULL
1.5
1.46
1.86
NULL
0.44
-0.43
-0.83
-0.63
NULL
NULL
NULL
NULL
NULL
NULL
NULL
NULL
NULL
NULL
NULL
0.27
1.18
NULL
NULL
2.89
2.47
1.25
0.8
0.77
0.53
0.01
-0.21
0.4
1.18
3.22
4.18
4.38
3.07
2.64
2.0
2.17
1.17
0.44
0.36
-0.07
0.96
4.01
5.87
4.6
2.74
2.39
2.6
1.6
1.55
1.07
0.9
0.53
2.36
4.26
5.14
4.13
3.6
2.97
2.22
1.26
1.33
0.53
0.11
0.96
2.35
