0.42
0.53
NULL
NULL
0.73
0.69
0.88
0.56
0.67
0.66
0.59
0.43
0.26
-0.07
NULL
-0.46
-0.52
-0.88
-0.8
-0.82
-0.79
-0.6
-0.3
1.34
0.7
0.0
-0.59
0.21
-0.11
0.06
-0.5
-0.53
-0.12
0.08
0.08
-0.12
-0.58
-0.62
-0.65
-0.77
-1.0
-0.8
-1.18
-0.8
-0.39
0.41
0.82
1.84
1.6
1.59
1.27
1.03
0.93
0.7
0.43
0.16
0.57
0.24
-0.52
-0.69
-0.27
-0.7
-1.0
-1.06
-0.9
-1.23
-0.32
-0.37
0.57
0.26
0.49
0.39
-0.02
-0.23
0.1
-0.09
-0.17
-0.65
-1.29
-0.48
-0.27
0.38
1.07
0.92
0.3
0.11
0.19
0.3
0.58
-0.24
-0.19
0.29
0.37
0.51
0.7
0.69
0.98
0.77
0.3
0.34
-0.15
-0.13
-0.17
0.23
0.72
NULL
2.15
1.6
2.03
1.91
NULL
1.71
1.8
1.48
1.61
1.34
0.64
1.44
1.64
1.32
1.01
NULL
-0.03
0.47
0.19
0.96
NULL
1.07
1.48
2.16
2.21
NULL
2.0
1.49
1.13
0.87
NULL
NULL
0.2
0.61
0.81
1.12
NULL
2.48
1.74
0.71
0.17
NULL
-0.28
0.04
-0.13
-0.77
NULL
-0.19
-0.1
0.1
-0.18
-0.39
NULL
-2.19
-1.82
-1.98
NULL
NULL
-2.88
-2.28
-2.92
-3.73
NULL
-3.83
-3.58
-3.39
-3.26
NULL
NULL
-2.9
-3.19
-2.35
NULL
-2.29
-2.43
-2.16
-2.4
NULL
NULL
NULL
NULL
NULL
NULL
NULL
NULL
NULL
NULL
NULL
-2.23
-2.73
NULL
NULL
-3.34
-4.07
-4.08
-3.9
-3.81
-3.58
-3.29
-3.57
-4.0
-3.87
-4.32
-3.65
-4.49
-4.7
-4.06
-3.75
-3.48
-3.7
-3.35
-3.21
-3.32
-3.49
-3.49
-3.37
-3.61
-3.38
-3.09
-2.7
-0.91
-0.62
-1.02
-1.52
-1.95
-1.68
-1.81
-2.25
-2.02
-2.17
-1.65
-0.33
-0.26
-0.5
-0.01
0.27
-0.15
-0.56
