12.51
13.18
NULL
NULL
2.43
1.13
-0.05
1.05
2.93
8.4
7.19
4.78
7.24
5.59
NULL
1.04
-0.31
-2.08
-3.38
-3.2
-2.28
-1.06
2.39
3.52
6.92
3.68
0.23
-1.61
-4.19
-5.0
-5.61
-5.78
-1.8
0.82
2.46
2.35
2.61
2.67
0.14
-2.49
-4.85
-4.82
-6.85
-7.51
-7.34
-6.88
-6.42
-2.56
0.62
0.85
-1.79
-4.41
-6.25
-8.37
-9.37
-7.7
0.51
6.87
9.32
10.17
8.86
7.16
5.7
2.4
-0.1
-2.17
-3.08
-2.74
-1.52
0.51
5.79
7.82
9.04
7.94
5.78
2.21
0.99
-1.51
-2.7
-2.86
0.64
0.92
3.83
4.58
7.04
4.82
2.73
0.52
-2.54
-3.43
-5.4
-3.19
-1.48
4.12
3.85
7.46
9.2
7.27
2.59
1.35
-2.01
-3.46
-3.56
-4.81
-2.01
NULL
0.58
1.37
6.3
4.17
NULL
-1.36
-3.51
-3.78
-3.78
-3.46
2.65
2.89
2.72
4.58
3.68
NULL
2.44
-0.99
-2.95
-2.84
NULL
-2.9
-1.33
2.09
2.14
NULL
8.81
6.92
2.71
-1.46
NULL
NULL
-4.42
-4.79
-3.36
-0.16
NULL
6.4
10.45
7.23
4.46
NULL
-0.69
-1.55
-2.14
-1.47
NULL
0.95
3.03
2.87
6.53
7.2
NULL
-0.37
-2.54
-2.78
NULL
NULL
2.6
5.34
10.78
10.54
NULL
10.92
7.59
4.62
2.49
NULL
NULL
-0.5
-1.11
2.65
NULL
4.8
7.17
6.56
3.49
NULL
NULL
NULL
NULL
NULL
NULL
NULL
NULL
NULL
NULL
NULL
10.15
6.84
NULL
NULL
0.82
0.54
2.59
4.54
5.95
6.06
4.83
8.03
5.39
2.27
0.53
0.24
0.25
0.44
7.67
13.41
17.8
22.77
25.74
26.11
19.6
18.6
15.48
13.25
9.76
11.14
13.64
18.59
20.09
22.66
24.48
24.0
19.57
16.45
12.85
12.72
10.0
7.9
7.22
10.41
18.26
20.59
20.1
16.01
14.59
11.38
