-6.03
-4.73
NULL
NULL
-1.55
1.01
2.25
0.62
-3.39
-2.71
-4.8
-6.33
-5.67
-5.86
NULL
-1.19
-0.82
3.18
4.58
2.9
0.91
-0.65
-2.05
-2.9
-2.9
-3.39
-2.24
0.8
1.26
3.45
4.38
2.73
1.23
-1.48
-1.88
-3.18
-4.52
-3.45
-2.0
0.98
-0.82
2.18
4.54
1.48
-0.32
-3.19
-4.03
-4.26
-5.92
-4.56
-3.7
-3.95
-1.89
1.57
2.75
0.7
-1.91
-3.33
-4.08
-6.32
-6.82
-5.18
-3.17
-2.74
0.57
5.64
5.74
3.63
1.38
-0.73
-1.88
-3.6
-3.91
-3.17
-2.55
1.8
4.53
7.43
9.21
6.61
3.95
1.84
0.19
-1.38
0.11
-2.07
-0.19
2.11
5.24
9.12
7.71
7.78
3.69
2.4
1.49
-0.66
-0.79
0.73
0.01
2.37
4.13
8.79
11.87
10.59
8.42
NULL
3.67
2.64
2.14
2.16
NULL
4.71
6.01
9.4
11.74
10.29
3.95
3.81
2.23
1.11
-0.35
NULL
2.67
4.78
6.37
7.76
NULL
7.82
5.31
2.33
2.34
NULL
1.01
1.48
0.24
2.39
NULL
NULL
6.91
4.67
2.46
1.79
NULL
-1.48
-0.84
-1.95
0.58
NULL
1.01
4.62
7.01
5.09
NULL
-0.03
-0.9
-3.0
-3.8
-3.53
NULL
-3.19
-0.63
2.68
NULL
NULL
-2.15
-5.59
-4.57
-3.34
NULL
-4.71
-3.53
-1.24
1.22
NULL
NULL
1.6
1.16
-0.45
NULL
-1.93
-2.78
-3.57
-1.71
NULL
NULL
NULL
NULL
NULL
NULL
NULL
NULL
NULL
NULL
NULL
-1.3
0.12
NULL
NULL
10.16
6.24
5.4
1.64
0.17
-0.19
-1.32
-1.57
0.13
0.8
5.2
8.28
10.89
9.78
6.8
3.25
2.0
0.91
1.1
1.69
1.63
5.03
6.79
8.04
10.42
6.37
4.51
3.57
1.96
0.82
-0.04
-0.3
1.52
2.94
5.49
11.37
10.47
8.25
5.75
3.69
3.87
0.85
3.43
2.68
3.28
6.45
