-0.86
-0.76
NULL
NULL
-0.57
-0.63
-0.45
-0.24
-0.43
-0.24
-0.1
-0.09
-0.09
-0.25
NULL
0.13
0.19
0.12
-0.16
0.05
0.59
0.63
0.55
0.07
0.7
0.29
0.32
0.74
0.35
0.36
0.01
0.57
0.75
0.65
0.84
0.84
0.45
0.59
0.42
0.4
0.42
0.55
0.58
0.35
0.35
0.3
0.67
1.06
0.59
0.23
0.24
0.13
0.26
0.03
-0.17
0.03
0.02
0.16
0.29
0.11
-0.02
0.14
0.17
-0.11
-0.09
-0.3
-0.46
-0.24
-0.35
-0.25
-0.62
-0.22
-0.57
-0.72
-0.9
-0.82
-0.79
-1.06
-0.88
-0.72
-0.48
-0.25
-0.38
-0.3
-0.2
-0.37
-0.48
-0.49
-0.59
-0.64
-0.8
-0.94
-1.0
-0.91
-1.02
-1.18
-1.39
-1.23
-1.39
-1.43
-1.56
-1.83
-1.64
-1.49
-1.5
NULL
-1.36
-1.54
-1.62
-1.59
NULL
-1.58
-1.43
-1.53
-1.65
-1.56
-1.13
-1.2
-1.31
-1.25
-1.33
NULL
-1.76
-1.76
-2.26
-2.09
NULL
-2.18
-2.48
-2.19
-2.44
NULL
-2.55
-2.45
-2.47
-2.79
NULL
NULL
-2.55
-2.48
-2.88
-2.48
NULL
-2.06
-2.56
-2.78
-2.66
NULL
-2.91
-3.06
-3.07
-3.02
NULL
-3.32
-3.24
-3.01
-3.44
-3.6
NULL
-3.58
-3.68
-3.87
NULL
NULL
-4.42
-4.31
-4.51
-4.25
NULL
-4.33
-4.47
-4.61
-4.75
NULL
NULL
-4.89
-4.55
-4.42
NULL
-4.87
-5.1
-5.18
-5.16
NULL
NULL
NULL
NULL
NULL
NULL
NULL
NULL
NULL
NULL
NULL
-4.67
-4.99
NULL
NULL
-4.79
-4.64
-4.89
-5.07
-4.99
-5.15
-5.18
-5.08
-5.33
-5.56
-5.71
-5.85
-5.65
-5.38
-5.51
-5.73
-5.41
-5.69
-5.81
-5.98
-6.38
-6.8
-6.65
-6.07
-6.24
-6.7
-6.28
-5.72
-6.42
-6.34
-6.67
-6.85
-7.14
-6.88
-6.93
-6.83
-7.22
-6.66
-6.61
-6.93
-7.32
-7.27
-7.33
-7.42
-7.17
-6.86
