3.54
8.76
NULL
NULL
4.09
2.9
4.13
7.2
8.06
7.57
3.92
0.89
3.68
9.99
NULL
9.69
9.76
9.38
7.9
8.32
8.99
6.21
2.98
1.09
5.29
6.56
3.56
0.56
0.98
0.05
1.89
4.13
2.53
-0.34
-1.94
-3.91
-4.06
0.07
2.1
-1.41
-1.87
1.01
0.51
-0.77
-3.83
-6.69
-10.03
-8.11
-4.69
-3.26
-5.55
-7.06
-5.57
-7.51
-7.64
-2.29
3.46
0.84
-1.04
-2.79
-2.22
-0.82
1.85
3.11
4.2
5.6
6.84
6.82
3.17
0.84
0.29
-0.55
1.38
1.04
1.98
0.51
2.06
2.9
3.81
5.73
2.93
1.55
0.82
-1.26
1.57
0.45
2.53
-0.88
-3.24
-2.01
-2.47
-0.57
-1.44
-0.22
-1.55
2.82
3.19
7.52
4.9
4.56
2.79
2.72
5.31
5.46
4.46
NULL
-1.2
-2.82
-1.47
0.51
NULL
1.09
1.66
5.91
6.69
9.89
11.73
8.73
4.27
2.06
2.03
NULL
12.04
11.47
10.68
13.29
NULL
14.19
16.19
12.6
10.37
NULL
17.26
17.79
12.74
10.69
NULL
NULL
13.48
15.63
14.14
11.45
NULL
7.86
11.12
11.93
11.49
NULL
9.3
13.82
16.44
16.25
NULL
8.76
6.37
6.73
11.39
13.16
NULL
14.14
10.71
11.13
NULL
NULL
20.78
18.13
13.02
13.53
NULL
21.62
18.83
16.88
16.57
NULL
NULL
11.49
11.51
9.52
NULL
7.36
7.74
8.0
6.86
NULL
NULL
NULL
NULL
NULL
NULL
NULL
NULL
NULL
NULL
NULL
21.67
17.84
NULL
NULL
14.7
14.75
13.61
10.59
8.42
6.44
5.81
9.37
12.73
12.22
12.27
15.31
18.28
21.14
27.45
25.72
23.85
22.96
27.37
33.88
31.37
32.03
33.29
33.75
34.18
36.49
36.2
34.38
31.04
30.25
31.55
37.07
33.7
31.56
28.77
30.1
30.54
30.04
26.14
25.6
23.32
22.84
24.34
25.04
26.2
20.55
