-0.49
-0.51
NULL
NULL
-0.07
-0.27
-0.19
-0.25
-0.44
-0.41
-0.37
-0.52
-0.64
-0.65
NULL
-0.2
-0.08
0.02
0.02
0.06
0.19
0.23
0.14
-0.1
0.13
0.01
-0.1
0.31
0.1
0.13
-0.07
0.12
0.17
0.08
0.31
0.28
-0.05
0.14
0.17
0.3
0.4
0.58
0.61
0.37
0.37
0.43
0.49
0.52
0.39
0.06
0.25
0.29
0.35
0.2
0.11
0.17
0.11
0.14
-0.02
-0.11
-0.02
-0.04
-0.05
-0.09
-0.0
-0.15
-0.15
0.01
-0.15
-0.16
-0.36
-0.14
-0.42
-0.44
-0.48
-0.26
-0.21
-0.36
-0.3
-0.45
-0.36
-0.2
-0.43
-0.39
-0.38
-0.44
-0.28
-0.25
-0.22
-0.09
-0.19
-0.28
-0.29
-0.21
-0.23
-0.46
-0.47
-0.38
-0.44
-0.2
-0.14
-0.31
-0.13
-0.06
-0.03
NULL
-0.32
-0.36
-0.33
-0.36
NULL
-0.26
-0.22
-0.12
-0.06
-0.22
-0.12
-0.12
-0.12
-0.05
-0.11
NULL
-0.04
0.03
-0.1
0.13
NULL
-0.04
-0.15
-0.01
-0.24
NULL
-0.37
-0.31
-0.12
-0.35
NULL
NULL
-0.24
-0.3
-0.42
-0.27
NULL
-0.19
-0.5
-0.52
-0.34
NULL
-0.26
-0.32
-0.15
-0.17
NULL
-0.25
-0.29
-0.22
-0.21
-0.2
NULL
-0.09
0.06
0.19
NULL
NULL
0.1
-0.02
0.21
0.27
NULL
0.04
0.2
0.13
0.25
NULL
NULL
0.03
0.24
0.38
NULL
0.03
-0.11
-0.38
-0.26
NULL
NULL
NULL
NULL
NULL
NULL
NULL
NULL
NULL
NULL
NULL
0.09
0.01
NULL
NULL
0.47
0.47
0.16
0.02
0.09
0.01
-0.29
-0.19
-0.02
0.03
-0.04
-0.12
0.01
-0.04
0.1
-0.04
0.24
-0.19
-0.32
-0.28
-0.36
-0.63
-0.48
-0.02
-0.07
-0.32
-0.11
0.34
-0.26
-0.23
-0.33
-0.54
-0.64
-0.39
-0.29
-0.16
-0.26
0.12
0.06
-0.22
-0.36
-0.52
-0.68
-0.75
-0.33
-0.09
