5.62
2.73
NULL
NULL
-5.43
-7.22
-7.54
-7.41
-5.53
-1.3
2.58
4.9
6.79
3.83
NULL
-1.82
-3.98
-5.87
-7.89
-8.93
-5.41
-2.46
1.21
6.47
7.44
3.5
0.49
-0.88
-3.94
-5.22
-6.81
-7.59
-4.02
1.06
3.09
1.95
-0.36
-3.52
-5.5
-7.87
-9.38
-10.6
-11.96
-12.58
-9.94
-3.9
0.75
6.22
5.14
1.69
-1.87
-4.16
-6.48
-7.7
-9.14
-9.68
-6.89
1.93
8.04
9.41
7.33
3.71
0.18
-1.48
-3.25
-6.33
-7.17
-7.98
-4.09
4.93
13.31
12.8
11.28
5.83
2.99
1.06
-0.96
-3.42
-5.56
-4.79
0.32
6.53
10.85
15.82
13.76
11.46
7.81
5.95
2.93
0.61
-2.04
-0.65
2.31
7.12
12.22
16.39
16.42
13.04
8.84
5.84
4.16
0.67
-0.76
-0.61
2.43
NULL
11.77
14.54
14.14
10.2
NULL
4.78
2.9
0.03
-0.41
-1.22
4.05
7.44
10.85
14.07
14.39
NULL
6.0
4.39
1.2
0.52
NULL
-3.39
0.93
8.74
12.0
NULL
11.4
8.03
4.96
3.29
NULL
NULL
-2.86
-3.66
-1.98
3.86
NULL
12.69
12.96
9.84
6.52
NULL
0.01
-0.76
-1.91
-4.3
NULL
5.88
7.52
8.59
8.16
9.13
NULL
-0.08
-2.72
-4.76
NULL
NULL
-4.85
-1.82
3.38
5.54
NULL
1.31
0.11
-1.89
-4.61
NULL
NULL
-7.64
-4.03
1.56
NULL
10.6
10.36
8.71
6.21
NULL
NULL
NULL
NULL
NULL
NULL
NULL
NULL
NULL
NULL
NULL
8.02
6.72
NULL
NULL
-2.33
-3.37
-1.45
3.74
6.52
7.54
6.23
3.12
-0.74
-2.39
-4.06
-4.58
-7.01
-8.4
-4.84
-0.62
6.84
11.14
10.87
7.73
4.26
1.17
-0.12
-1.8
-3.6
-5.36
-0.17
6.78
12.3
16.45
15.0
12.42
8.14
5.84
3.42
0.42
-1.15
-1.79
-2.52
2.56
8.53
11.65
12.7
9.36
5.35
2.68
