2.79
1.36
NULL
NULL
-1.54
-1.94
-1.55
-0.71
-0.69
-0.19
0.31
4.55
3.93
1.5
NULL
0.97
-0.22
-1.54
-2.62
-2.33
-1.02
-1.12
2.23
7.52
6.73
4.0
2.47
2.75
-0.08
-1.0
-0.87
-1.8
0.55
1.5
1.97
-1.44
-3.55
-4.56
-4.28
-5.6
-6.4
-6.34
-7.37
-7.41
-2.83
2.75
4.28
7.27
4.35
2.12
-0.62
-1.25
-2.63
-4.06
-4.41
-4.93
-4.82
-0.64
-0.87
0.77
0.55
-1.73
-3.19
-3.0
-4.12
-5.6
-4.93
-5.02
1.7
8.82
10.75
7.98
5.0
1.92
0.65
0.38
-0.75
-2.05
-4.12
-4.17
-1.45
5.43
6.21
6.69
4.8
3.69
3.46
2.71
1.1
-1.05
-2.24
-1.11
0.36
-0.24
2.47
6.5
6.42
4.73
2.45
1.36
0.48
-1.91
-2.19
-1.24
1.2
NULL
5.78
4.19
3.46
2.64
NULL
0.75
-0.3
-2.04
-1.75
-1.63
-0.33
1.57
2.24
1.42
1.22
NULL
-2.57
-2.16
-4.07
-3.92
NULL
-6.0
-3.95
3.74
6.41
NULL
2.15
0.01
-1.2
-1.55
NULL
NULL
-4.63
-5.09
-4.52
2.57
NULL
8.61
5.07
2.22
1.23
NULL
-1.47
-1.86
-1.53
-4.4
NULL
3.74
4.73
1.69
1.1
2.21
NULL
-3.57
-3.44
-4.47
NULL
NULL
-5.03
-5.03
-5.11
-3.95
NULL
-5.9
-4.92
-5.51
-6.23
NULL
NULL
-8.37
-4.31
2.69
NULL
8.11
6.82
6.01
5.56
NULL
NULL
NULL
NULL
NULL
NULL
NULL
NULL
NULL
NULL
NULL
3.18
2.25
NULL
NULL
-2.0
-3.01
-1.97
-0.37
-0.02
0.61
-0.27
-2.43
-4.67
-5.36
-6.11
-4.92
-6.69
-7.84
-6.99
-5.48
-1.55
-2.83
-3.92
-4.31
-5.62
-6.25
-6.05
-6.5
-7.48
-7.99
-0.39
3.57
9.18
10.16
6.54
4.3
2.24
1.44
-0.49
-2.4
-2.92
-3.44
-4.3
0.93
3.0
0.74
1.8
-0.39
-1.6
-2.97
